784 82 196 74 90 70 68 76 70 70 70 78 92 72 90 94 104 108 70 76 80 68 140 142 86 70 88 72 114 70 86 88 70 68 112 68 68 68 68 70 68 68 96 68 70 68 68 68 90 70 86 72 86 68 70 68 68 68 68 68 68 68 70 70 
1178 94 252 80 80 78 130 120 96 100 146 138 78 78 158 158 116 114 150 142 100 94 98 100 102 90 190 78 94 74 118 80 78 76 184 78 78 76 78 76 92 82 76 76 84 82 80 90 128 76 76 80 78 90 76 80 76 76 76 78 78 76 76 78 
944 76 254 78 112 78 120 116 78 76 116 102 152 158 80 78 158 154 98 102 140 122 74 84 134 134 74 80 196 74 100 76 76 78 128 88 76 80 108 76 80 76 78 76 80 78 74 76 134 76 80 78 88 80 80 94 76 78 76 74 78 76 76 78 
1538 92 300 96 92 90 162 144 110 106 128 122 88 276 120 128 96 142 140 102 112 92 98 108 86 98 150 146 162 152 218 186 144 80 200 92 104 80 120 80 82 78 86 78 84 84 100 80 78 82 78 78 100 84 80 76 78 78 78 80 80 80 78 80 
1042 100 250 84 84 82 152 150 82 78 174 158 86 100 146 146 80 78 190 194 80 80 84 122 106 98 152 104 120 78 80 84 142 80 158 86 82 78 76 78 80 78 154 80 80 88 78 86 84 84 82 80 82 76 78 78 82 78 78 78 82 78 78 80 
1284 76 806 86 112 78 222 118 88 76 132 128 188 168 80 80 166 176 84 80 126 120 120 130 80 80 100 94 140 80 154 76 118 78 138 80 142 80 100 76 78 80 82 78 82 82 76 76 100 76 76 78 78 76 78 74 76 76 76 78 76 74 76 76 
930 104 228 80 80 78 104 82 94 112 142 78 116 112 120 116 78 78 78 88 94 78 110 98 116 110 140 98 96 76 136 80 116 76 94 86 132 76 76 76 78 76 80 78 134 78 78 78 98 76 82 78 76 78 74 76 74 78 76 78 78 74 76 76 
1296 84 146 86 90 92 164 168 84 102 150 150 162 156 84 82 88 82 168 178 82 82 84 92 84 84 82 84 104 82 220 84 104 84 140 84 102 82 80 82 78 80 116 84 80 82 82 82 120 96 84 98 82 80 84 82 80 80 80 82 78 82 86 80 
290 98 122 136 84 86 80 94 104 88 88 90 96 94 84 92 94 80 96 86 88 78 82 90 84 80 176 82 130 108 96 82 128 92 84 250 92 90 90 92 126 116 92 90 82 86 84 84 110 84 258 86 452 80 158 88 96 84 88 82 88 100 114 134 
374 82 106 86 82 82 86 80 78 82 80 88 80 86 82 84 82 80 82 84 82 82 80 82 80 76 80 80 80 78 78 82 80 80 76 92 78 78 78 78 78 78 80 76 80 76 80 76 244 78 82 82 88 82 92 84 78 80 80 78 82 78 80 78 
1586 96 302 164 96 84 180 170 194 200 78 86 110 106 96 102 88 82 84 86 82 80 164 162 84 80 206 80 98 80 164 82 124 80 188 86 80 82 78 78 88 80 84 76 84 84 124 84 84 78 84 80 80 84 78 80 78 80 76 80 82 78 80 76 
1634 78 240 78 82 88 118 128 98 100 146 174 106 112 126 124 86 84 206 210 82 80 94 86 104 104 76 80 490 108 198 82 312 84 102 438 284 88 100 80 208 574 80 80 80 80 78 82 144 80 82 82 80 84 82 78 80 80 80 78 82 80 80 76 
594 92 146 82 84 82 82 90 98 122 98 98 86 76 164 162 80 82 140 148 82 78 84 80 126 114 78 80 178 80 76 80 80 76 150 78 100 80 78 78 80 78 100 80 80 78 80 78 124 80 80 80 80 82 78 82 76 78 78 80 80 78 80 76 
1322 78 276 82 80 82 152 144 80 80 124 124 108 98 124 82 118 116 124 130 98 82 86 108 154 100 78 82 134 76 142 78 138 80 78 94 180 80 78 80 78 78 82 80 80 78 102 78 130 78 92 80 80 84 76 78 80 78 82 78 78 76 78 80 
242 102 80 80 204 86 80 82 80 78 102 82 76 86 78 80 100 80 82 104 80 98 104 82 80 78 104 80 82 82 80 80 78 98 80 82 80 76 82 80 80 78 80 130 76 80 134 80 106 82 82 100 88 82 86 96 78 82 80 82 78 80 76 82 
260 82 118 78 80 80 78 76 78 80 76 80 76 96 82 78 80 74 82 106 100 80 80 84 78 76 76 80 76 78 74 80 98 76 78 80 76 76 78 74 78 74 78 74 74 80 76 76 196 94 100 82 90 76 78 76 78 76 80 78 80 76 74 78 
1062 90 256 82 80 82 120 134 94 96 184 182 82 82 150 142 102 124 80 112 80 98 92 82 126 126 232 82 78 78 192 78 82 76 152 82 122 78 78 80 78 80 98 80 102 80 80 80 82 78 80 76 80 78 78 80 78 80 78 78 78 80 76 76 
1102 268 282 80 90 78 108 118 88 76 78 90 128 84 80 96 84 110 160 152 80 84 88 98 118 120 98 80 100 78 98 84 100 98 112 84 82 78 78 80 80 80 120 100 82 78 80 84 82 80 112 80 82 82 82 98 78 80 76 78 78 80 80 80 
776 306 264 78 86 82 100 106 80 98 80 80 100 98 126 120 98 102 138 124 86 84 78 80 84 80 220 82 98 80 158 102 186 100 78 86 122 98 82 80 98 78 80 78 122 80 82 78 98 104 86 94 78 76 80 78 82 78 78 80 80 80 82 78 
2060 80 248 84 84 90 166 136 84 162 92 88 122 102 84 82 104 114 132 106 80 82 104 82 182 174 128 126 234 82 124 80 78 84 116 78 98 80 98 78 80 80 78 82 78 80 146 78 80 82 78 84 104 86 78 82 78 82 82 80 80 78 76 82 
1000 78 236 82 84 76 88 88 80 94 150 178 108 98 146 142 118 120 158 168 108 102 166 154 82 76 78 80 98 78 76 80 122 80 100 92 142 80 76 80 82 80 100 82 76 76 80 80 140 78 84 94 82 94 82 78 80 78 78 80 78 76 78 82 
214 94 102 78 80 78 100 80 78 80 76 80 78 78 80 76 100 82 78 82 82 80 80 80 82 78 98 100 100 78 80 78 80 80 98 96 80 96 78 84 78 80 78 78 82 78 76 78 138 80 78 112 102 80 96 80 106 78 80 80 80 78 100 78 
1548 80 240 84 86 82 152 152 90 92 194 194 82 96 148 142 84 138 166 182 102 82 84 118 102 98 174 84 138 80 176 86 78 88 152 82 102 84 100 80 80 84 80 84 84 86 128 84 84 84 80 84 96 84 98 82 80 84 82 82 82 82 82 82 
1056 214 284 80 84 80 84 88 80 82 122 128 122 140 118 100 82 98 140 124 100 114 140 122 82 80 122 84 82 78 98 80 80 80 114 108 146 80 80 78 82 78 80 80 80 80 80 78 122 80 88 80 80 78 82 78 78 78 80 78 80 78 78 80 
920 82 238 80 112 80 128 124 80 86 144 164 116 122 80 80 98 90 186 168 82 82 98 100 84 80 246 84 78 80 226 80 100 82 130 94 78 78 76 78 78 82 178 78 86 82 82 76 84 78 80 98 88 76 80 78 78 78 80 80 76 78 76 76 
1344 82 234 84 86 82 108 104 110 114 140 128 124 128 122 124 92 84 82 84 196 100 84 84 136 116 122 86 138 84 80 84 190 78 122 78 126 86 82 80 82 78 106 82 82 80 84 82 144 86 82 94 80 84 78 84 82 80 84 82 78 84 80 84 
654 344 118 306 222 80 84 82 86 86 88 84 120 142 166 124 88 100 180 112 86 80 130 128 100 84 100 82 80 82 80 104 148 106 100 116 122 82 80 82 104 80 82 84 106 82 84 80 82 94 82 102 82 84 80 82 82 82 82 82 108 80 80 82 
272 224 118 86 80 78 86 86 80 84 82 82 78 84 82 104 86 78 84 82 78 84 80 86 104 78 84 80 84 80 82 80 80 102 76 80 80 78 80 76 76 80 78 98 80 96 118 92 140 82 80 78 94 106 76 82 78 82 82 80 78 78 76 98 
1512 96 328 84 84 82 154 152 98 82 160 166 84 78 140 84 96 84 92 134 114 122 80 84 160 132 80 82 156 80 82 82 166 88 80 84 150 80 228 78 80 78 116 80 82 82 82 82 98 82 80 80 80 78 80 86 78 78 78 78 78 80 84 76 
834 136 414 80 234 78 80 82 88 80 80 80 108 104 124 130 116 118 140 142 96 78 140 150 96 100 100 84 102 98 142 82 162 80 140 84 100 82 98 78 78 84 116 78 82 96 86 78 96 98 78 80 76 80 78 84 80 80 82 78 80 80 80 76 
1646 80 222 84 82 82 94 86 82 80 100 172 162 80 84 148 140 170 194 84 88 198 208 86 84 160 162 82 140 76 110 122 128 80 116 104 82 80 82 126 78 82 98 106 80 80 104 82 130 82 82 82 84 92 84 80 84 80 82 82 78 82 80 84 
1690 124 214 112 98 90 148 140 114 94 150 150 158 164 150 164 140 144 100 100 168 118 94 90 114 118 124 92 128 92 130 88 154 90 176 86 90 88 146 88 92 96 92 88 90 100 92 92 112 96 208 98 106 102 120 116 96 92 92 94 110 86 94 138 
1170 104 240 84 92 86 132 134 88 84 190 188 88 90 170 162 132 124 134 132 108 168 92 104 100 84 128 124 142 82 80 82 82 86 84 86 104 84 108 112 86 102 86 88 86 84 118 102 84 80 80 100 80 84 100 84 80 104 82 84 102 84 78 82 
650 98 120 104 86 82 84 82 88 86 82 82 84 86 88 80 86 86 82 86 86 84 84 84 82 84 80 86 82 82 78 86 82 82 100 82 102 84 82 80 84 84 82 84 82 80 84 80 206 82 84 84 86 80 88 94 80 82 84 80 84 80 80 80 
1218 76 1056 86 332 82 186 126 78 80 84 130 120 116 102 108 128 126 140 170 82 102 174 142 78 86 142 82 80 82 120 106 118 80 420 92 104 80 246 80 78 80 92 84 96 88 84 82 82 84 78 78 80 78 80 78 78 94 80 80 82 80 78 82 
2104 92 258 84 86 80 148 150 82 82 158 216 106 98 78 84 110 84 178 190 82 76 140 148 80 80 134 82 100 78 102 78 224 78 96 84 120 78 78 78 80 78 126 78 102 80 94 80 104 86 84 78 78 82 86 80 78 78 80 78 94 80 82 84 
1612 110 210 96 96 96 108 106 114 104 150 144 96 98 164 162 100 98 94 96 112 94 92 88 96 90 156 102 96 88 110 90 88 88 186 96 114 98 92 86 98 92 92 94 100 104 92 88 140 90 94 96 86 102 94 94 88 92 92 94 88 92 90 92 
1862 100 254 98 108 84 246 112 126 136 134 132 94 90 180 170 88 86 88 96 122 130 84 118 226 118 80 88 342 82 100 104 194 82 176 80 86 86 80 82 82 84 138 86 90 86 84 82 90 84 88 102 82 80 82 84 84 80 82 80 84 78 84 82 
544 132 96 90 88 82 82 82 86 84 84 84 90 82 86 82 86 84 84 84 86 82 82 86 82 84 82 84 84 78 82 84 84 80 120 80 98 82 82 80 82 78 82 80 82 78 82 80 186 96 96 84 86 82 100 90 82 80 84 82 80 100 84 78 
1154 92 246 96 92 86 88 94 118 128 116 106 130 122 204 214 86 100 86 90 88 82 122 258 88 84 102 116 104 84 142 86 122 84 136 88 126 82 82 82 82 84 104 84 108 84 82 82 124 82 98 82 82 84 80 86 78 84 82 82 80 84 78 82 
1408 80 322 84 90 84 166 142 88 94 150 154 88 84 172 168 162 136 150 152 86 86 128 136 86 80 250 82 86 80 106 84 168 80 80 80 184 80 80 82 80 82 116 84 80 86 84 86 112 80 80 96 82 82 82 82 82 78 84 80 84 82 82 80 
1484 100 298 82 96 82 86 84 108 106 182 160 106 100 170 176 174 160 104 86 122 84 82 84 86 82 150 84 106 84 84 82 86 82 84 98 122 82 122 82 84 82 98 82 102 86 102 82 104 86 80 84 82 82 82 82 98 82 92 82 82 80 82 80 
1972 1110 308 186 234 292 324 308 336 234 412 392 292 240 314 176 288 160 344 240 444 284 210 192 274 218 168 120 210 248 204 196 168 184 166 240 228 180 264 230 126 280 278 176 142 104 284 126 188 158 240 106 212 114 84 82 206 132 212 120 186 186 136 100 
1342 108 130 88 96 92 86 88 90 86 138 136 90 86 106 232 132 88 86 92 144 104 86 86 118 104 168 86 102 90 152 88 104 86 102 88 104 86 82 86 82 84 102 84 132 82 84 86 150 92 106 88 96 86 86 84 86 98 84 86 84 84 82 84 
846 102 134 80 84 82 82 84 88 80 82 84 88 82 88 84 96 82 88 86 90 84 82 88 80 82 84 82 82 86 80 82 80 84 82 94 170 80 84 82 80 84 82 84 80 84 84 82 170 84 80 82 88 84 98 84 96 80 98 80 84 80 84 80 
1070 82 284 88 84 80 86 84 148 138 108 108 212 156 82 82 146 172 82 102 196 146 82 86 120 126 86 82 156 164 186 136 150 84 116 96 128 82 104 80 98 82 102 82 108 86 80 84 84 82 84 96 118 84 78 84 80 84 80 82 98 96 80 82 
1208 76 238 82 78 80 84 86 80 102 120 100 170 164 126 124 136 134 78 88 98 100 148 152 86 80 78 82 134 78 80 82 144 82 80 92 166 80 96 82 78 82 144 86 78 82 82 84 86 84 94 82 78 78 92 82 78 96 78 80 78 80 78 80 
1144 84 234 88 90 78 134 126 102 104 126 132 108 106 166 170 82 90 80 86 126 118 146 148 88 82 192 86 100 82 80 86 78 84 226 92 82 82 80 82 84 84 86 84 86 86 78 84 86 94 82 96 78 80 82 80 82 80 84 82 94 80 84 80 
1926 106 342 88 146 92 126 136 94 100 98 88 88 180 252 210 102 146 160 160 172 106 94 98 92 94 276 92 132 94 86 90 88 90 160 88 86 86 88 88 86 86 108 88 114 92 138 86 94 88 100 108 94 92 88 86 88 88 88 84 106 90 88 84 
632 100 200 102 102 84 136 134 88 86 84 88 140 118 86 86 86 86 84 88 90 84 90 94 88 82 168 88 88 82 202 88 106 84 206 84 108 86 86 86 112 86 86 86 90 90 88 90 86 82 100 82 86 80 86 86 98 96 84 84 84 84 86 84 
518 96 126 86 98 80 86 86 84 84 86 86 102 104 106 112 88 82 122 128 88 84 84 88 82 82 102 84 96 82 100 82 82 82 80 98 182 82 84 80 80 84 82 84 108 82 80 86 120 78 98 82 100 80 96 98 82 92 84 80 96 82 84 82 
1566 82 206 84 86 86 156 156 88 78 198 194 88 80 100 110 142 148 84 86 138 82 86 88 84 82 240 106 98 82 168 84 126 78 116 94 82 80 104 82 80 82 124 84 82 88 82 82 144 82 80 84 84 78 102 80 84 90 82 78 82 82 82 82 
1196 84 234 86 82 86 154 150 86 84 204 226 82 92 108 106 140 150 104 106 148 82 132 132 86 82 182 82 126 80 182 84 124 80 102 84 146 80 82 80 86 80 120 82 86 82 86 80 106 80 116 84 90 80 84 80 86 78 80 84 98 80 80 82 
1548 118 180 94 88 88 172 162 96 92 178 180 112 92 86 86 96 88 156 160 92 88 88 90 102 84 160 92 90 86 146 90 86 96 124 88 114 86 88 84 92 90 130 88 88 86 90 88 162 94 94 90 88 86 92 88 88 90 86 86 102 90 86 90 
1614 104 214 102 100 100 134 138 110 122 200 194 88 84 186 152 90 86 156 158 86 86 98 90 90 84 226 88 104 84 108 86 158 88 180 82 88 84 84 86 90 84 106 88 130 86 88 86 92 84 86 86 86 84 82 84 82 100 82 82 86 82 86 82 
932 80 146 106 92 82 104 104 86 84 122 100 84 86 84 82 102 90 78 82 86 82 84 88 86 82 208 110 82 84 80 104 252 86 98 88 82 80 196 82 82 86 86 82 108 86 86 84 88 84 84 80 82 80 82 78 82 94 82 80 102 84 80 84 
1348 82 236 104 84 86 146 164 112 102 174 268 90 94 106 108 146 144 84 90 160 164 148 152 90 84 144 86 184 82 84 84 144 84 134 90 166 82 82 80 84 80 88 84 80 86 84 84 104 84 84 98 80 86 84 98 80 84 80 80 96 84 80 80 
1028 80 234 82 90 82 160 128 106 114 172 178 166 166 84 86 158 126 218 162 106 84 106 110 84 86 80 86 118 80 104 104 144 84 82 80 170 84 96 82 82 80 84 80 82 78 122 84 104 86 82 98 94 80 84 96 78 84 78 98 92 80 84 80 
1312 78 234 90 84 80 148 158 88 86 124 124 82 94 102 82 82 84 126 128 110 98 128 142 84 78 250 84 100 80 156 84 186 82 158 86 80 82 82 80 84 80 156 82 82 84 82 82 90 80 98 86 80 82 78 82 82 96 84 80 82 78 82 82 
1730 108 248 88 96 90 138 132 716 110 126 176 202 176 158 154 118 112 110 114 90 88 114 152 136 130 90 98 138 132 106 116 178 98 152 86 178 90 88 86 110 90 88 90 88 90 90 92 130 88 88 86 90 84 86 102 88 102 88 104 104 88 88 88 
584 226 250 86 86 128 156 148 84 88 82 98 104 132 148 152 86 100 124 130 130 122 186 198 82 102 210 82 84 82 170 82 82 114 176 102 82 84 82 82 84 82 104 84 88 94 84 84 102 82 88 82 100 84 82 82 84 80 80 80 94 82 80 80 
382 106 936 84 84 82 82 86 86 80 84 84 84 86 84 84 86 82 80 88 88 80 90 90 80 82 80 84 82 84 80 86 82 80 84 96 84 80 82 78 84 82 82 80 86 82 78 84 250 84 84 86 86 80 86 82 82 96 82 80 84 82 82 82 
1188 82 250 84 84 86 150 162 104 114 172 168 84 84 180 172 88 84 122 150 84 86 84 90 86 84 216 82 98 84 100 84 102 82 180 96 84 84 100 86 84 86 126 82 88 90 86 84 88 88 98 86 82 80 82 80 80 84 80 82 80 80 82 80 
494 90 158 90 90 80 80 90 84 80 108 108 106 98 86 90 88 86 120 128 82 82 156 128 86 82 80 86 118 84 128 84 140 88 206 88 80 82 80 82 80 82 102 84 82 88 86 82 102 82 82 98 80 82 82 80 80 94 82 84 80 82 80 80 
1796 80 288 82 86 82 106 118 84 106 172 166 108 98 196 170 108 102 166 166 86 92 80 82 84 78 144 86 184 78 82 84 124 86 134 80 78 80 82 80 84 80 116 82 82 88 102 80 128 84 90 82 82 84 82 84 80 82 98 80 82 78 82 78 
1476 108 86 120 110 116 106 94 144 138 164 110 110 144 98 112 190 220 250 92 90 180 186 88 90 124 136 460 90 174 180 178 246 110 86 206 86 110 112 90 106 90 94 94 96 88 90 88 92 94 88 88 88 86 90 90 92 90 84 88 88 86 88 102 
1630 104 266 106 100 82 88 94 128 126 110 108 140 146 132 124 146 148 90 88 142 120 124 140 90 84 150 86 86 82 174 88 86 82 84 86 178 86 104 88 82 84 90 86 84 86 106 84 124 86 90 100 88 82 90 84 86 82 84 84 86 82 102 86 
884 104 206 98 92 88 82 90 88 86 108 112 126 128 88 86 148 144 84 90 190 86 86 88 88 82 84 90 128 88 150 86 132 84 82 88 86 86 82 86 106 84 84 86 198 84 84 88 126 102 86 94 88 86 84 86 84 84 84 84 82 84 96 100 
1234 86 334 100 88 80 134 130 102 102 150 144 122 120 80 88 180 180 84 86 136 136 84 86 128 120 130 82 192 82 126 86 82 84 82 96 204 80 86 84 80 84 86 90 106 80 86 84 110 80 82 82 80 84 82 82 82 80 82 82 78 82 98 82 
1210 96 204 86 88 84 148 146 88 82 188 186 86 90 146 146 84 92 166 166 82 80 84 90 92 88 188 86 102 84 126 86 84 80 192 94 106 82 82 84 86 86 82 82 84 88 80 82 102 82 80 80 82 80 82 80 82 80 80 82 80 82 82 92 
1222 134 202 92 88 94 118 120 92 86 120 126 118 114 118 114 114 112 152 174 84 100 180 184 90 86 92 118 160 90 112 92 154 88 120 90 108 86 90 86 90 94 130 86 94 96 92 102 188 88 92 110 116 90 92 122 110 96 90 100 88 106 86 108 
1462 104 236 88 88 96 134 134 114 124 154 158 110 108 190 166 90 88 166 168 90 84 90 96 84 92 194 90 102 86 80 88 152 88 104 84 156 82 84 84 86 86 124 86 84 90 86 84 132 86 86 86 88 88 82 82 84 82 86 84 86 84 94 82 
740 96 124 84 86 84 82 90 82 82 80 90 90 88 82 84 82 84 80 86 86 82 82 86 84 84 80 86 84 82 78 84 80 88 96 80 102 80 82 82 82 80 82 82 84 80 82 84 208 80 84 84 82 80 86 84 82 82 82 82 80 84 96 96 
1194 88 260 88 88 86 132 130 106 112 178 170 90 94 156 160 88 86 94 88 174 92 86 102 210 158 84 86 192 86 86 86 132 88 100 84 190 86 86 84 82 84 130 86 82 86 86 86 86 84 86 86 82 84 84 82 82 84 80 84 82 86 100 100 
1022 138 252 88 84 86 90 84 88 82 144 160 88 86 178 170 88 90 152 148 84 86 136 134 84 86 164 84 122 86 82 86 84 84 162 82 108 86 82 86 82 86 84 84 106 84 82 82 134 84 88 86 82 86 82 86 84 86 82 86 82 86 94 82 
1668 102 200 88 92 96 160 158 104 112 184 176 92 94 126 134 86 96 152 150 86 86 82 94 112 86 226 86 106 88 148 86 86 88 188 90 108 88 84 82 88 86 84 84 108 88 84 84 108 88 88 84 104 90 86 84 86 84 86 84 86 84 96 84 
1798 98 222 90 88 90 136 136 90 92 158 156 90 98 132 142 160 146 90 90 156 144 92 98 112 106 210 92 88 90 182 112 90 88 132 88 110 86 150 84 90 90 94 90 88 92 110 86 112 90 86 88 88 94 92 86 88 88 88 88 88 102 106 88 
1080 82 224 88 92 84 156 158 90 84 186 174 92 86 84 86 88 96 176 174 126 90 90 94 86 84 124 88 104 82 232 86 88 84 136 86 84 84 104 84 82 84 118 84 84 84 88 84 134 88 90 86 88 86 86 82 86 82 84 84 86 82 86 100 
508 84 122 84 80 88 92 84 90 82 106 104 84 84 86 82 86 82 86 82 82 84 82 86 80 84 82 82 84 82 84 80 80 86 94 82 144 80 84 80 84 80 84 82 104 80 84 84 138 84 84 82 84 80 88 82 80 80 82 80 84 82 100 98 
1330 82 218 84 86 80 154 148 84 84 126 126 160 156 84 86 88 84 192 186 84 84 174 180 82 80 82 86 178 80 82 80 252 86 96 82 102 80 80 84 78 82 138 78 82 80 84 78 154 84 84 84 96 84 86 80 86 80 80 80 84 80 96 94 
1238 80 252 90 90 84 154 154 88 84 154 146 96 108 104 106 126 118 86 82 132 146 80 96 104 84 208 80 84 82 166 82 124 84 96 90 166 80 82 84 78 82 104 86 80 84 104 84 104 84 78 96 194 80 86 80 82 82 80 80 84 78 98 98 
1428 94 232 92 92 92 86 90 118 114 144 144 114 106 128 140 124 130 88 98 132 108 88 94 90 94 146 92 102 88 86 86 90 96 112 84 106 84 142 80 92 88 88 88 88 94 94 94 148 90 92 86 88 92 90 92 82 82 88 88 88 84 88 84 
1652 102 232 110 96 90 114 114 90 104 182 184 86 90 176 190 94 96 172 164 92 88 90 90 92 88 262 92 88 86 114 88 88 92 182 90 110 90 88 88 90 88 90 88 88 90 88 86 132 86 90 104 88 90 92 88 86 86 88 88 84 88 102 88 
1290 100 140 108 90 84 182 170 86 84 110 120 108 118 84 86 86 84 112 116 130 84 148 152 88 84 130 86 82 88 220 88 102 84 160 100 84 90 104 82 88 88 84 86 130 88 86 84 114 88 88 84 88 82 84 86 82 86 82 84 84 84 86 100 
2530 88 390 90 94 88 176 190 180 106 146 194 168 200 134 118 496 350 346 86 106 108 124 114 214 130 154 130 152 144 146 154 88 88 98 800 322 84 284 84 132 82 82 86 108 86 110 84 138 90 86 84 86 84 84 86 84 88 80 84 86 84 86 82 
612 96 276 86 90 90 82 92 90 86 154 154 92 90 174 174 152 140 86 88 184 90 94 86 88 84 232 88 106 84 86 88 84 84 104 82 110 84 106 84 86 82 126 88 84 90 146 88 92 88 104 88 88 86 84 82 84 84 84 84 84 82 102 100 
1102 82 960 90 152 88 164 164 82 88 82 90 110 108 80 80 92 102 144 148 140 104 148 156 126 102 102 84 182 82 104 84 102 86 148 96 82 84 130 80 84 86 102 82 84 88 82 86 106 84 80 88 80 80 82 80 80 80 82 82 84 86 86 82 
2688 102 232 94 100 100 182 164 90 90 96 94 94 228 158 172 102 112 160 158 180 176 86 116 98 88 234 228 104 90 156 88 112 90 188 90 146 88 86 88 110 88 94 90 92 98 94 86 90 88 84 102 88 84 86 88 88 88 88 84 90 88 106 100 
1130 88 168 90 88 82 106 106 102 106 148 154 88 86 150 148 90 84 154 152 92 90 86 96 86 82 128 86 162 86 82 88 132 84 168 96 86 82 104 80 86 86 102 86 84 88 82 84 128 84 84 86 96 84 82 86 82 88 82 86 84 84 82 86 
384 96 118 98 82 84 82 86 86 78 84 82 82 82 88 86 84 82 86 84 86 82 86 86 82 84 80 88 82 80 82 80 86 78 84 98 80 82 82 82 84 80 80 82 80 82 78 82 246 82 84 84 82 82 84 88 80 82 82 80 82 82 94 82 
1880 84 232 100 98 84 164 158 88 86 226 172 98 96 110 84 148 144 110 112 106 82 108 86 168 148 84 82 190 108 134 84 84 84 166 96 108 86 80 84 84 84 108 84 88 86 82 86 124 86 96 84 88 84 82 84 82 86 82 84 84 84 94 100 
1226 80 232 86 86 168 128 102 106 114 80 114 92 84 82 80 92 86 108 102 82 84 88 94 86 80 140 84 82 80 190 82 106 82 122 80 106 80 120 80 82 80 80 84 80 82 120 84 108 82 86 84 80 84 80 82 78 82 80 80 82 80 96 98 
1888 82 82 96 84 86 104 90 80 132 130 82 86 130 132 142 146 86 90 186 176 98 98 150 140 102 106 168 162 82 80 184 164 84 82 84 78 90 82 86 84 86 84 86 84 86 82 78 82 82 82 80 84 80 82 84 80 84 80 82 80 84 80 94 
1432 82 490 92 90 84 138 128 106 112 158 158 174 174 86 200 148 152 132 132 84 88 150 158 118 104 150 86 132 80 108 84 110 84 178 98 86 84 126 82 88 84 84 82 90 90 106 82 86 90 96 88 88 86 82 84 82 86 84 82 82 84 102 84 
254 212 132 86 104 80 106 88 92 78 106 80 82 82 82 80 86 86 82 82 88 82 82 82 84 78 104 82 82 82 82 82 82 82 78 100 80 82 80 82 80 78 80 82 82 80 82 80 192 106 82 80 84 100 86 82 84 82 80 82 80 80 80 82 
280 92 110 88 82 84 82 90 80 84 82 84 80 84 82 84 88 80 90 84 84 86 84 86 86 78 80 84 84 80 82 82 82 82 82 86 80 106 80 82 82 78 80 84 82 82 80 82 228 82 84 82 94 82 82 82 82 80 84 80 80 84 80 96 
1214 82 256 88 86 82 138 140 84 84 140 146 106 114 128 132 86 86 150 160 128 104 172 200 132 104 110 84 136 84 210 84 88 84 206 86 88 84 84 84 82 88 84 86 84 88 124 86 88 82 84 84 86 86 82 84 82 84 84 86 86 82 84 84 
2372 78 240 80 88 82 104 110 98 104 200 204 84 86 184 192 106 104 150 146 84 88 82 84 100 84 188 84 104 80 110 86 84 82 188 96 84 84 86 84 82 84 84 80 126 82 86 84 82 84 80 84 80 82 82 80 80 94 84 80 80 82 82 78 
1330 80 218 84 88 82 124 128 88 86 160 148 122 124 112 108 84 94 130 132 166 80 84 84 174 140 80 84 84 84 168 84 126 78 140 80 82 78 80 84 106 82 98 84 120 80 84 84 102 84 82 102 86 84 82 82 80 84 80 80 82 84 82 82 
1296 82 238 82 88 96 158 144 82 86 208 202 88 80 124 132 94 78 204 190 82 82 90 88 128 120 146 84 84 80 166 128 146 82 80 98 164 84 80 82 78 80 146 80 82 82 82 82 100 84 82 82 88 84 82 84 96 82 84 80 84 80 80 82 

