2772 33 231 66 66 66 33 66 66 66 33 33 33 66 33 33 66 66 66 66 33 33 33 66 66 66 33 33 66 66 66 66 33 33 33 66 66 66 33 33 66 66 66 66 33 33 66 66 66 33 33 33 66 66 66 66 33 33 66 66 66 33 33 33 
66 66 33 33 33 66 66 66 66 33 33 66 66 66 33 33 33 66 66 66 33 33 33 66 66 66 33 33 33 66 66 66 33 33 33 66 66 66 33 33 66 66 66 66 33 33 33 66 66 66 33 33 66 66 66 66 33 33 33 66 66 66 33 33 
66 66 66 33 33 66 66 66 66 33 33 66 66 66 33 33 33 66 66 66 66 33 33 66 66 66 33 33 33 66 66 66 66 33 33 66 66 66 33 33 33 66 66 66 33 33 33 66 66 66 33 33 33 66 66 66 33 33 33 66 66 66 33 33 
66 66 66 33 33 33 66 66 66 33 33 33 66 66 66 33 33 33 66 66 66 33 33 33 66 66 66 33 33 33 66 66 66 33 33 66 66 66 66 33 33 33 66 66 66 33 33 66 66 66 66 33 33 66 66 66 33 33 33 66 66 66 66 33 
33 66 66 66 33 33 66 66 66 66 33 33 33 66 66 66 33 33 66 66 66 66 33 33 66 66 66 33 33 33 66 66 66 66 33 33 66 66 66 33 33 33 66 66 66 33 33 33 66 66 66 33 33 33 66 66 66 33 33 33 66 66 66 33 
33 33 66 66 66 33 33 66 66 66 33 33 33 66 66 66 33 33 33 66 66 66 33 33 33 66 66 66 33 33 33 66 66 66 33 33 66 66 66 66 33 33 33 66 66 66 33 33 66 66 66 66 33 33 33 66 66 66 33 33 66 66 66 66 
33 33 66 66 66 33 33 33 66 66 66 33 33 33 66 66 66 33 33 33 66 66 66 33 33 33 66 66 66 33 33 33 66 66 66 33 33 33 66 66 66 33 33 33 66 66 66 33 33 33 66 66 66 33 33 66 66 66 66 33 33 33 66 66 
33 33 33 66 66 66 33 33 33 66 66 66 33 33 33 66 66 66 33 33 33 66 66 66 33 33 33 66 66 66 33 33 66 66 66 66 33 33 33 66 66 66 33 33 66 66 66 66 33 33 33 66 66 66 33 33 66 66 66 66 33 33 66 66 
66 33 33 33 66 66 66 33 33 33 66 66 66 33 33 33 66 66 66 33 33 66 66 66 66 33 33 33 66 66 66 33 33 66 66 66 66 33 33 33 66 66 66 33 33 66 66 66 66 33 33 66 66 66 33 33 33 66 66 66 66 33 33 66 
66 66 33 33 33 66 66 66 33 33 33 66 66 66 33 33 33 66 66 66 33 33 33 66 66 66 33 33 33 66 66 66 33 33 33 66 66 66 33 33 66 66 66 66 33 33 33 66 66 66 33 33 66 66 66 66 33 33 66 66 66 33 33 33 
66 66 66 33 33 33 66 66 66 33 33 33 66 66 66 33 33 33 66 66 66 33 33 33 66 66 66 33 33 66 66 66 66 33 33 33 66 66 66 33 33 66 66 66 66 33 33 66 66 66 33 33 33 66 66 66 66 33 33 66 66 66 33 33 
33 66 66 66 33 33 33 66 66 66 33 33 33 66 66 66 33 33 33 66 66 66 33 33 33 66 66 66 33 33 33 66 66 66 33 33 66 66 66 66 33 33 33 66 66 66 33 33 66 66 66 66 33 33 33 66 66 66 33 33 66 66 66 66 
33 33 66 66 66 33 33 33 66 66 66 33 33 33 66 66 66 33 33 33 66 66 66 33 33 66 66 66 66 33 33 33 66 66 66 33 33 66 66 66 66 33 33 33 66 66 66 33 33 66 66 66 66 33 33 66 66 66 33 33 33 66 66 66 
33 33 33 66 66 66 33 33 33 66 66 66 33 33 33 66 66 66 33 33 33 66 66 66 33 33 33 66 66 66 33 33 33 66 66 66 33 33 33 66 66 66 33 33 66 66 66 66 33 33 33 66 66 66 33 33 66 66 66 66 33 33 33 66 
66 66 33 33 66 66 66 33 33 33 66 66 66 33 33 33 66 66 66 33 33 33 66 66 66 33 33 33 66 66 66 33 33 66 66 66 66 33 33 33 66 66 66 33 33 66 66 66 66 33 33 33 66 66 66 33 33 66 66 66 66 33 33 66 
66 66 33 33 33 66 66 66 33 33 33 66 66 66 33 33 33 66 66 66 33 33 33 66 66 66 33 33 33 66 66 66 33 33 33 66 66 66 33 33 33 66 66 66 33 33 33 66 66 66 33 33 66 66 66 66 33 33 33 66 66 66 33 33 
66 66 66 33 33 33 66 66 66 33 33 33 66 66 66 33 33 33 66 66 66 33 33 33 66 66 66 33 33 33 66 66 66 33 33 33 66 66 66 33 33 66 66 66 66 33 33 33 66 66 66 33 33 66 66 66 66 33 33 66 66 66 33 33 
33 66 66 66 33 33 33 66 66 66 33 33 33 66 66 66 33 33 33 66 66 66 33 33 33 66 66 66 33 33 33 66 66 66 33 33 33 66 66 66 33 33 33 66 66 66 33 33 66 66 66 66 33 33 33 66 66 66 33 33 66 66 66 66 
33 33 66 66 66 66 33 33 66 66 66 33 33 33 66 66 66 33 33 33 66 66 66 33 33 33 66 66 66 33 33 33 66 66 66 33 33 66 66 66 66 33 33 33 66 66 66 33 33 66 66 66 66 33 33 33 66 66 66 33 33 66 66 66 
33 33 33 66 66 66 33 33 33 66 66 66 33 33 33 66 66 66 33 33 33 66 66 66 33 33 33 66 66 66 33 33 33 66 66 66 33 33 33 66 66 66 33 33 33 66 66 66 33 33 33 66 66 66 33 33 66 66 66 66 33 33 33 66 
66 66 33 33 66 66 66 33 33 33 66 66 66 33 33 33 66 66 66 33 33 33 66 66 66 33 33 33 66 66 66 33 33 33 66 66 66 33 33 33 66 66 66 33 33 66 66 66 66 33 33 33 66 66 66 33 33 66 66 66 66 33 33 66 
66 66 33 33 33 66 66 66 33 33 33 66 66 66 33 33 33 66 66 66 33 33 33 66 66 66 33 33 33 66 66 66 33 33 33 66 66 66 33 33 33 66 66 66 33 33 33 66 66 66 33 33 66 66 66 66 33 33 33 66 66 66 33 33 
66 66 66 33 33 33 66 66 66 66 33 33 66 66 66 33 33 33 66 66 66 33 33 33 66 66 66 33 33 33 66 66 66 33 33 33 66 66 66 33 33 66 66 66 66 33 33 33 66 66 66 33 33 66 66 66 66 33 33 66 66 66 66 33 
33 66 66 66 33 33 33 66 66 66 33 33 33 66 66 66 33 33 33 66 66 66 33 33 33 66 66 66 33 33 33 66 66 66 33 33 33 66 66 66 33 33 33 66 66 66 33 33 66 66 66 66 33 33 33 66 66 66 33 33 66 66 66 66 
33 33 66 66 66 66 33 33 66 66 66 33 33 33 66 66 66 33 33 33 66 66 66 33 33 33 66 66 66 33 33 33 66 66 66 33 33 33 66 66 66 33 33 33 66 66 66 33 33 66 66 66 66 33 33 33 66 66 66 33 33 66 66 66 
33 33 33 66 66 66 33 33 33 66 66 66 33 33 33 66 66 66 33 33 33 66 66 66 33 33 33 66 66 66 33 33 33 66 66 66 33 33 33 66 66 66 33 33 33 66 66 66 33 33 33 66 66 66 33 33 66 66 66 66 33 33 33 66 
66 66 33 33 66 66 66 33 33 33 66 66 66 66 33 33 66 66 66 33 33 33 66 66 66 33 33 33 66 66 66 33 33 33 66 66 66 33 33 33 66 66 66 33 33 66 66 66 66 33 33 33 66 66 66 33 33 66 66 66 66 33 33 33 
66 66 33 33 33 66 66 66 33 33 33 66 66 66 33 33 33 66 66 66 33 33 33 66 66 66 33 33 33 66 66 66 33 33 33 66 66 66 33 33 33 66 66 66 33 33 33 66 66 66 33 33 66 66 66 66 33 33 33 66 66 66 33 33 
66 66 66 33 33 33 66 66 66 66 33 33 66 66 66 33 33 33 66 66 66 33 33 33 66 66 66 33 33 33 66 66 66 33 33 33 66 66 66 33 33 33 66 66 66 33 33 33 66 66 66 33 33 66 66 66 66 33 33 33 66 66 66 33 
33 66 66 66 33 33 33 66 66 66 33 33 33 66 66 66 33 33 33 66 66 66 33 33 33 66 66 66 33 33 33 66 66 66 33 33 33 66 66 66 33 33 33 66 66 66 33 33 33 66 66 66 33 33 33 66 66 66 33 33 66 66 66 66 
33 33 66 66 66 66 33 33 66 66 66 33 33 33 66 66 66 66 33 33 66 66 66 33 33 33 66 66 66 33 33 33 66 66 66 33 33 33 66 66 66 33 33 33 66 66 66 33 33 66 66 66 66 33 33 33 66 66 66 33 33 66 66 66 
33 33 33 66 66 66 66 33 33 66 66 66 33 33 33 66 66 66 33 33 33 66 66 66 33 33 33 66 66 66 33 33 33 66 66 66 33 33 33 66 66 66 33 33 33 66 66 66 33 33 33 66 66 66 33 33 33 66 66 66 33 33 33 66 
66 66 33 33 66 66 66 33 33 33 66 66 66 66 33 33 66 66 66 33 33 33 66 66 66 33 33 33 66 66 66 33 33 33 66 66 66 33 33 33 66 66 66 33 33 33 66 66 66 33 33 33 66 66 66 33 33 66 66 66 66 33 33 33 
66 66 66 33 33 66 66 66 33 33 33 66 66 66 33 33 33 66 66 66 33 33 33 66 66 66 33 33 33 66 66 66 33 33 33 66 66 66 33 33 33 66 66 66 33 33 33 66 66 66 33 33 33 66 66 66 33 33 33 66 66 66 33 33 
66 66 66 33 33 33 66 66 66 66 33 33 66 66 66 33 33 33 66 66 66 66 33 33 66 66 66 33 33 33 66 66 66 33 33 33 66 66 66 33 33 33 66 66 66 33 33 33 66 66 66 33 33 66 66 66 66 33 33 33 66 66 66 33 
33 66 66 66 33 33 33 66 66 66 66 33 33 66 66 66 33 33 33 66 66 66 33 33 33 66 66 66 33 33 33 66 66 66 33 33 33 66 66 66 33 33 33 66 66 66 33 33 33 66 66 66 33 33 33 66 66 66 33 33 33 66 66 66 
33 33 66 66 66 66 33 33 66 66 66 33 33 33 66 66 66 66 33 33 66 66 66 33 33 33 66 66 66 33 33 33 66 66 66 33 33 33 66 66 66 33 33 33 66 66 66 33 33 33 66 66 66 33 33 33 66 66 66 33 33 66 66 66 
33 33 33 66 66 66 66 33 33 66 66 66 33 33 33 66 66 66 33 33 33 66 66 66 33 33 33 66 66 66 33 33 33 66 66 66 33 33 33 66 66 66 33 33 33 66 66 66 33 33 33 66 66 66 33 33 33 66 66 66 33 33 33 66 
66 66 33 33 66 66 66 33 33 33 66 66 66 66 33 33 66 66 66 33 33 33 66 66 66 66 33 33 66 66 66 33 33 33 66 66 66 33 33 33 66 66 66 33 33 33 66 66 66 33 33 33 66 66 66 33 33 66 66 66 66 33 33 33 
66 66 66 33 33 66 66 66 33 33 33 66 66 66 66 33 33 66 66 66 33 33 33 66 66 66 33 33 33 66 66 66 33 33 33 66 66 66 33 33 33 66 66 66 33 33 33 66 66 66 33 33 33 66 66 66 33 33 33 66 66 66 33 33 
33 66 66 66 33 33 66 66 66 66 33 33 66 66 66 33 33 33 66 66 66 66 33 33 66 66 66 33 33 33 66 66 66 33 33 33 66 66 66 33 33 33 66 66 66 33 33 33 66 66 66 33 33 66 66 66 66 33 33 33 66 66 66 33 
33 66 66 66 33 33 33 66 66 66 66 33 33 66 66 66 33 33 33 66 66 66 33 33 33 66 66 66 33 33 33 66 66 66 33 33 33 66 66 66 33 33 33 66 66 66 33 33 33 66 66 66 33 33 33 66 66 66 33 33 33 66 66 66 
33 33 66 66 66 66 33 33 66 66 66 33 33 33 66 66 66 66 33 33 66 66 66 33 33 33 66 66 66 33 33 33 66 66 66 33 33 33 66 66 66 33 33 33 66 66 66 33 33 33 66 66 66 33 33 33 66 66 66 33 33 66 66 66 
33 33 33 66 66 66 66 33 33 66 66 66 33 33 33 66 66 66 33 33 33 66 66 66 33 33 33 66 66 66 33 33 33 66 66 66 33 33 33 66 66 66 33 33 33 66 66 66 33 33 33 66 66 66 33 33 33 66 66 66 33 33 33 66 
66 66 33 33 66 66 66 66 33 33 66 66 66 66 33 33 66 66 66 33 33 33 66 66 66 66 33 33 66 66 66 33 33 33 66 66 66 33 33 33 66 66 66 33 33 33 66 66 66 33 33 33 66 66 66 33 33 33 66 66 66 33 33 33 
66 66 66 33 33 66 66 66 33 33 33 66 66 66 66 33 33 66 66 66 33 33 33 66 66 66 33 33 33 66 66 66 33 33 33 66 66 66 33 33 33 66 66 66 33 33 33 66 66 66 33 33 33 66 66 66 33 33 33 66 66 66 33 33 
33 66 66 66 33 33 66 66 66 66 33 33 66 66 66 33 33 33 66 66 66 66 33 33 66 66 66 33 33 33 66 66 66 66 33 33 66 66 66 33 33 33 66 66 66 33 33 33 66 66 66 33 33 33 66 66 66 33 33 33 66 66 66 33 
33 66 66 66 33 33 33 66 66 66 66 33 33 66 66 66 33 33 33 66 66 66 66 33 33 66 66 66 33 33 33 66 66 66 33 33 33 66 66 66 33 33 33 66 66 66 33 33 33 66 66 66 33 33 33 66 66 66 33 33 33 66 66 66 
33 33 66 66 66 66 33 33 33 66 66 66 33 33 66 66 66 66 33 33 66 66 66 33 33 33 66 66 66 66 33 33 66 66 66 33 33 33 66 66 66 33 33 33 66 66 66 33 33 33 66 66 66 33 33 33 66 66 66 33 33 33 66 66 
66 33 33 66 66 66 66 33 33 66 66 66 33 33 33 66 66 66 66 33 33 66 66 66 33 33 33 66 66 66 33 33 33 66 66 66 33 33 33 66 66 66 33 33 33 66 66 66 33 33 33 66 66 66 33 33 33 66 66 66 33 33 33 66 
66 66 33 33 33 66 66 66 33 33 66 66 66 66 33 33 66 66 66 33 33 33 66 66 66 66 33 33 66 66 66 33 33 33 66 66 66 66 33 33 66 66 66 33 33 33 66 66 66 33 33 33 66 66 66 33 33 33 66 66 66 33 33 33 
66 66 66 33 33 66 66 66 33 33 33 66 66 66 66 33 33 66 66 66 33 33 33 66 66 66 66 33 33 66 66 66 33 33 33 66 66 66 33 33 33 66 66 66 33 33 33 66 66 66 33 33 33 66 66 66 33 33 33 66 66 66 33 33 
33 66 66 66 33 33 66 66 66 66 33 33 33 66 66 66 33 33 66 66 66 66 33 33 66 66 66 33 33 33 66 66 66 66 33 33 66 66 66 33 33 33 66 66 66 33 33 33 66 66 66 33 33 33 66 66 66 33 33 33 66 66 66 33 
33 33 66 66 66 33 33 66 66 66 66 33 33 66 66 66 33 33 33 66 66 66 66 33 33 66 66 66 33 33 33 66 66 66 33 33 33 66 66 66 33 33 33 66 66 66 33 33 33 66 66 66 33 33 33 66 66 66 33 33 33 66 66 66 
33 33 66 66 66 66 33 33 33 66 66 66 33 33 66 66 66 66 33 33 66 66 66 33 33 33 66 66 66 66 33 33 66 66 66 33 33 33 66 66 66 33 33 33 66 66 66 33 33 33 66 66 66 33 33 33 66 66 66 33 33 33 66 66 
66 33 33 66 66 66 66 33 33 66 66 66 33 33 33 66 66 66 66 33 33 66 66 66 33 33 33 66 66 66 66 33 33 66 66 66 33 33 33 66 66 66 33 33 33 66 66 66 33 33 33 66 66 66 33 33 33 66 66 66 33 33 33 66 
66 66 33 33 33 66 66 66 33 33 66 66 66 66 33 33 66 66 66 33 33 33 66 66 66 66 33 33 66 66 66 33 33 33 66 66 66 66 33 33 66 66 66 33 33 33 66 66 66 33 33 33 66 66 66 33 33 33 66 66 66 33 33 33 
66 66 66 33 33 66 66 66 33 33 33 66 66 66 66 33 33 66 66 66 33 33 33 66 66 66 66 33 33 66 66 66 33 33 33 66 66 66 33 33 33 66 66 66 33 33 33 66 66 66 33 33 33 66 66 66 33 33 33 66 66 66 33 33 
33 66 66 66 33 33 66 66 66 66 33 33 33 66 66 66 33 33 66 66 66 66 33 33 66 66 66 33 33 33 66 66 66 66 33 33 66 66 66 33 33 33 66 66 66 66 33 33 66 66 66 33 33 33 66 66 66 33 33 33 66 66 66 33 
33 33 66 66 66 33 33 66 66 66 66 33 33 66 66 66 33 33 33 66 66 66 66 33 33 66 66 66 33 33 33 66 66 66 33 33 33 66 66 66 33 33 33 66 66 66 33 33 33 66 66 66 33 33 33 66 66 66 33 33 33 66 66 66 
33 33 66 66 66 66 33 33 33 66 66 66 33 33 66 66 66 66 33 33 33 66 66 66 33 33 66 66 66 66 33 33 66 66 66 33 33 33 66 66 66 66 33 33 66 66 66 33 33 33 66 66 66 33 33 33 66 66 66 33 33 33 66 66 
66 33 33 66 66 66 66 33 33 33 66 66 33 33 33 66 66 66 66 33 33 66 66 66 33 33 33 66 66 66 66 33 33 66 66 66 33 33 33 66 66 66 33 33 33 66 66 66 33 33 33 66 66 66 33 33 33 66 66 66 33 33 33 66 
66 66 33 33 33 66 66 66 33 33 66 66 66 66 33 33 33 66 66 66 33 33 66 66 66 66 33 33 66 66 66 33 33 33 66 66 66 66 33 33 66 66 66 33 33 33 66 66 66 66 33 33 66 66 66 33 33 33 66 66 66 33 33 33 
66 66 66 33 33 33 66 66 66 33 33 66 66 66 66 33 33 66 66 66 33 33 33 66 66 66 66 33 33 66 66 66 33 33 33 66 66 66 66 33 33 66 66 66 33 33 33 66 66 66 33 33 33 66 66 66 33 33 33 66 66 66 33 33 
33 66 66 66 33 33 66 66 66 66 33 33 33 66 66 66 33 33 66 66 66 66 33 33 33 66 66 66 33 33 66 66 66 66 33 33 66 66 66 33 33 33 66 66 66 66 33 33 66 66 66 33 33 33 66 66 66 33 33 33 66 66 66 33 
33 33 66 66 66 33 33 66 66 66 66 33 33 33 66 66 66 33 33 66 66 66 66 33 33 66 66 66 33 33 33 66 66 66 66 33 33 66 66 66 33 33 33 66 66 66 33 33 33 66 66 66 33 33 33 66 66 66 33 33 33 66 66 66 
33 33 33 66 66 66 33 33 33 66 66 66 33 33 66 66 66 66 33 33 33 66 66 66 33 33 66 66 66 66 33 33 66 66 66 33 33 33 66 66 66 66 33 33 66 66 66 33 33 33 66 66 66 66 33 33 66 66 66 33 33 33 66 66 
66 33 33 66 66 66 66 33 33 33 66 66 66 33 33 66 66 66 66 33 33 66 66 66 33 33 33 66 66 66 66 33 33 66 66 66 33 33 33 66 66 66 66 33 33 66 66 66 33 33 33 66 66 66 33 33 33 66 66 66 33 33 33 66 
66 66 33 33 33 66 66 66 33 33 66 66 66 66 33 33 33 66 66 66 33 33 66 66 66 66 33 33 33 66 66 66 33 33 66 66 66 66 33 33 66 66 66 33 33 33 66 66 66 66 33 33 66 66 66 33 33 33 66 66 66 33 33 33 
66 66 66 33 33 33 66 66 66 33 33 66 66 66 66 33 33 33 66 66 66 33 33 66 66 66 66 33 33 66 66 66 33 33 33 66 66 66 66 33 33 66 66 66 33 33 33 66 66 66 33 33 33 66 66 66 33 33 33 66 66 66 33 33 
33 66 66 66 33 33 33 66 66 66 33 33 33 66 66 66 33 33 66 66 66 66 33 33 33 66 66 66 33 33 66 66 66 66 33 33 66 66 66 33 33 33 66 66 66 66 33 33 66 66 66 33 33 33 66 66 66 33 33 33 66 66 66 33 
33 33 66 66 66 33 33 66 66 66 66 33 33 33 66 66 66 33 33 66 66 66 66 33 33 66 66 66 33 33 33 66 66 66 66 33 33 66 66 66 33 33 33 66 66 66 33 33 33 66 66 66 33 33 33 66 66 66 33 33 33 66 66 66 
33 33 33 66 66 66 33 33 33 66 66 66 33 33 66 66 66 66 33 33 33 66 66 66 33 33 66 66 66 66 33 33 66 66 66 66 33 33 66 66 66 66 33 33 66 66 66 33 33 33 66 66 66 66 33 33 66 66 66 33 33 33 66 66 
66 33 33 66 66 66 66 33 33 33 66 66 66 33 33 66 66 66 66 33 33 66 66 66 33 33 33 66 66 66 66 33 33 66 66 66 33 33 33 66 66 66 66 33 33 66 66 66 33 33 33 66 66 66 33 33 33 66 66 66 33 33 33 66 
66 66 33 33 33 66 66 66 33 33 66 66 66 66 33 33 33 66 66 66 33 33 66 66 66 66 33 33 33 66 66 66 33 33 66 66 66 66 33 33 66 66 66 33 33 33 66 66 66 66 33 33 66 66 66 33 33 33 66 66 66 66 33 33 
66 66 66 33 33 33 66 66 66 33 33 66 66 66 66 33 33 33 66 66 66 33 33 66 66 66 66 33 33 66 66 66 33 33 33 66 66 66 66 33 33 66 66 66 33 33 33 66 66 66 66 33 33 66 66 66 33 33 33 66 66 66 33 33 
33 66 66 66 33 33 33 66 66 66 33 33 33 66 66 66 33 33 66 66 66 66 33 33 33 66 66 66 33 33 66 66 66 66 33 33 66 66 66 33 33 33 66 66 66 66 33 33 66 66 66 33 33 33 66 66 66 66 33 33 66 66 66 33 
33 33 66 66 66 33 33 66 66 66 66 33 33 33 66 66 66 33 33 66 66 66 66 33 33 66 66 66 33 33 33 66 66 66 66 33 33 66 66 66 33 33 33 66 66 66 66 33 33 66 66 66 33 33 33 66 66 66 33 33 33 66 66 66 
33 33 33 66 66 66 33 33 33 66 66 66 33 33 33 66 66 66 33 33 33 66 66 66 33 33 66 66 66 66 33 33 33 66 66 66 33 33 66 66 66 66 33 33 66 66 66 33 33 33 66 66 66 66 33 33 66 66 66 33 33 33 66 66 
66 33 33 33 66 66 66 33 33 33 66 66 66 33 33 66 66 66 66 33 33 33 66 66 66 33 33 66 66 66 66 33 33 66 66 66 33 33 33 66 66 66 66 33 33 66 66 66 33 33 33 66 66 66 66 33 33 66 66 66 33 33 33 66 
66 66 33 33 33 66 66 66 33 33 33 66 66 66 33 33 33 66 66 66 33 33 66 66 66 66 33 33 33 66 66 66 33 33 66 66 66 66 33 33 33 66 66 66 33 33 66 66 66 66 33 33 66 66 66 33 33 33 66 66 66 66 33 33 
66 66 66 33 33 33 66 66 66 33 33 66 66 66 66 33 33 33 66 66 66 33 33 66 66 66 66 33 33 33 66 66 66 33 33 66 66 66 66 33 33 66 66 66 33 33 33 66 66 66 66 33 33 66 66 66 33 33 33 66 66 66 33 33 
33 66 66 66 33 33 33 66 66 66 33 33 33 66 66 66 33 33 33 66 66 66 33 33 33 66 66 66 33 33 66 66 66 66 33 33 33 66 66 66 33 33 66 66 66 66 33 33 66 66 66 33 33 33 66 66 66 66 33 33 66 66 66 33 
33 33 66 66 66 33 33 33 66 66 66 33 33 33 66 66 66 33 33 66 66 66 66 33 33 33 66 66 66 33 33 66 66 66 66 33 33 66 66 66 33 33 33 66 66 66 66 33 33 66 66 66 33 33 33 66 66 66 66 33 33 66 66 66 
33 33 33 66 66 66 33 33 33 66 66 66 33 33 33 66 66 66 33 33 33 66 66 66 33 33 66 66 66 66 33 33 33 66 66 66 33 33 66 66 66 66 33 33 33 66 66 66 33 33 66 66 66 66 33 33 66 66 66 33 33 33 66 66 
66 33 33 33 66 66 66 33 33 33 66 66 66 33 33 66 66 66 66 33 33 33 66 66 66 33 33 66 66 66 66 33 33 33 66 66 66 33 33 66 66 66 66 33 33 66 66 66 33 33 33 66 66 66 66 33 33 66 66 66 33 33 33 66 
66 66 33 33 33 66 66 66 33 33 33 66 66 66 33 33 33 66 66 66 33 33 33 66 66 66 33 33 33 66 66 66 33 33 66 66 66 66 33 33 33 66 66 66 33 33 66 66 66 66 33 33 66 66 66 33 33 33 66 66 66 66 33 33 
66 66 66 33 33 33 66 66 66 33 33 33 66 66 66 33 33 33 66 66 66 33 33 66 66 66 66 33 33 33 66 66 66 33 33 66 66 66 66 33 33 66 66 66 33 33 33 66 66 66 66 33 33 66 66 66 33 33 33 66 66 66 33 33 
33 66 66 66 33 33 33 66 66 66 33 33 33 66 66 66 33 33 33 66 66 66 33 33 33 66 66 66 33 33 66 66 66 66 33 33 33 66 66 66 33 33 66 66 66 66 33 33 33 66 66 66 33 33 66 66 66 66 33 33 66 66 66 33 
33 33 66 66 66 33 33 33 66 66 66 33 33 33 66 66 66 33 33 66 66 66 66 33 33 33 66 66 66 33 33 66 66 66 66 33 33 33 66 66 66 33 33 66 66 66 66 33 33 66 66 66 33 33 33 66 66 66 66 33 33 66 66 66 
33 33 33 66 66 66 33 33 33 66 66 66 33 33 33 66 66 66 33 33 33 66 66 66 33 33 33 66 66 66 33 33 33 66 66 66 33 33 66 66 66 66 33 33 33 66 66 66 33 33 66 66 66 66 33 33 66 66 66 33 33 33 66 66 
66 33 33 33 66 66 66 33 33 33 66 66 66 33 33 33 66 66 66 33 33 33 66 66 66 33 33 66 66 66 66 33 33 33 66 66 66 33 33 66 66 66 66 33 33 66 66 66 33 33 33 66 66 66 66 33 33 66 66 66 33 33 33 66 
66 66 33 33 33 66 66 66 33 33 33 66 66 66 33 33 33 66 66 66 33 33 33 66 66 66 33 33 33 66 66 66 33 33 66 66 66 66 33 33 33 66 66 66 33 33 66 66 66 66 33 33 66 66 66 66 33 33 66 66 66 66 33 33 
66 66 66 33 33 33 66 66 66 33 33 33 66 66 66 33 33 33 66 66 66 33 33 66 66 66 66 33 33 33 66 66 66 33 33 66 66 66 66 33 33 33 66 66 66 33 33 66 66 66 66 33 33 66 66 66 33 33 33 66 66 66 66 33 
33 66 66 66 33 33 33 66 66 66 33 33 33 66 66 66 33 33 33 66 66 66 33 33 33 66 66 66 33 33 33 66 66 66 33 33 33 66 66 66 33 33 66 66 66 66 33 33 33 66 66 66 33 33 66 66 66 66 33 33 66 66 66 33 
33 33 66 66 66 33 33 33 66 66 66 33 33 33 66 66 66 33 33 33 66 66 66 33 33 33 66 66 66 33 33 66 66 66 66 33 33 33 66 66 66 33 33 66 66 66 66 33 33 66 66 66 33 33 33 66 66 66 66 33 33 66 66 66 
33 33 33 66 66 66 33 33 33 66 66 66 33 33 33 66 66 66 33 33 33 66 66 66 33 33 33 66 66 66 33 33 33 66 66 66 33 33 66 66 66 66 33 33 33 66 66 66 33 33 66 66 66 66 33 33 33 66 66 66 33 33 66 66 
66 33 33 33 66 66 66 33 33 33 66 66 66 33 33 33 66 66 66 33 33 33 66 66 66 33 33 66 66 66 66 33 33 33 66 66 66 33 33 66 66 66 66 33 33 33 66 66 66 33 33 66 66 66 66 33 33 66 66 66 33 33 33 66 
66 66 33 33 33 66 66 66 33 33 33 66 66 66 33 33 33 66 66 66 33 33 33 66 66 66 33 33 33 66 66 66 33 33 33 66 66 66 33 33 33 66 66 66 33 33 66 66 66 66 33 33 33 66 66 66 33 33 66 66 66 66 33 33 
66 66 66 33 33 33 66 66 66 33 33 33 66 66 66 33 33 33 66 66 66 33 33 33 66 66 66 33 33 33 66 66 66 33 33 66 66 66 66 33 33 33 66 66 66 33 33 66 66 66 66 33 33 66 66 66 33 33 33 66 66 66 66 33 
33 66 66 66 33 33 33 66 66 66 33 33 33 66 66 66 33 33 33 66 66 66 33 33 33 66 66 66 33 33 33 66 66 66 33 33 33 66 66 66 33 33 66 66 66 66 33 33 33 66 66 66 33 33 66 66 66 66 33 33 33 66 66 66 
33 33 66 66 66 33 33 33 66 66 66 33 33 33 66 66 66 33 33 33 66 66 66 33 33 33 66 66 66 33 33 66 66 66 66 33 33 33 66 66 66 33 33 66 66 66 66 33 33 66 66 66 33 33 33 66 66 66 66 33 33 66 66 66 
33 33 33 66 66 66 33 33 33 66 66 66 33 33 33 66 66 66 33 33 33 66 66 66 33 33 33 66 66 66 33 33 33 66 66 66 33 33 33 66 66 66 33 33 33 66 66 66 33 33 66 66 66 66 33 33 33 66 66 66 33 33 66 66 
66 33 33 33 66 66 66 33 33 33 66 66 66 33 33 33 66 66 66 33 33 33 66 66 66 33 33 66 66 66 66 33 33 33 66 66 66 33 33 66 66 66 66 33 33 33 66 66 66 33 33 66 66 66 66 33 33 66 66 66 33 33 33 66 
66 66 33 33 33 66 66 66 33 33 33 66 66 66 33 33 33 66 66 66 33 33 33 66 66 66 33 33 33 66 66 66 33 33 33 66 66 66 33 33 33 66 66 66 33 33 66 66 66 66 33 33 33 66 66 66 33 33 66 66 66 66 33 33 
66 66 66 66 33 33 66 66 66 33 33 33 66 66 66 33 33 33 66 66 66 33 33 33 66 66 66 33 33 33 66 66 66 33 33 66 66 66 66 33 33 33 66 66 66 33 33 66 66 66 66 33 33 33 66 66 66 33 33 66 66 66 66 33 
33 66 66 66 33 33 33 66 66 66 33 33 33 66 66 66 33 33 33 66 66 66 33 33 33 66 66 66 33 33 33 66 66 66 33 33 33 66 66 66 33 33 33 66 66 66 33 33 33 66 66 66 33 33 66 66 66 66 33 33 33 66 66 66 
33 33 66 66 66 33 33 33 66 66 66 33 33 33 66 66 66 33 33 33 66 66 66 33 33 33 66 66 66 33 33 66 66 66 66 33 33 33 66 66 66 33 33 66 66 66 66 33 33 33 66 66 66 33 33 66 66 66 66 33 33 66 66 66 
33 33 33 66 66 66 33 33 33 66 66 66 33 33 33 66 66 66 33 33 33 66 66 66 33 33 33 66 66 66 33 33 33 66 66 66 33 33 33 66 66 66 33 33 33 66 66 66 33 33 66 66 66 66 33 33 33 66 66 66 33 33 66 66 
66 33 33 33 66 66 66 66 33 33 66 66 66 33 33 33 66 66 66 33 33 33 66 66 66 33 33 33 66 66 66 33 33 33 66 66 66 33 33 66 66 66 66 33 33 33 66 66 66 33 33 66 66 66 66 33 33 33 66 66 66 33 33 66 
66 66 33 33 33 66 66 66 33 33 33 66 66 66 33 33 33 66 66 66 33 33 33 66 66 66 33 33 33 66 66 66 33 33 33 66 66 66 33 33 33 66 66 66 33 33 33 66 66 66 33 33 33 66 66 66 33 33 66 66 66 66 33 33 
66 66 66 66 33 33 66 66 66 33 33 33 66 66 66 33 33 33 66 66 66 33 33 33 66 66 66 33 33 33 66 66 66 33 33 33 66 66 66 33 33 33 66 66 66 33 33 66 66 66 66 33 33 33 66 66 66 33 33 66 66 66 66 33 
33 66 66 66 33 33 33 66 66 66 33 33 33 66 66 66 33 33 33 66 66 66 33 33 33 66 66 66 33 33 33 66 66 66 33 33 33 66 66 66 33 33 33 66 66 66 33 33 33 66 66 66 33 33 66 66 66 66 33 33 33 66 66 66 
33 33 66 66 66 33 33 33 66 66 66 66 33 33 66 66 66 33 33 33 66 66 66 33 33 33 66 66 66 33 33 33 66 66 66 33 33 33 66 66 66 33 33 66 66 66 66 33 33 33 66 66 66 33 33 66 66 66 66 33 33 33 66 66 
66 33 33 66 66 66 33 33 33 66 66 66 33 33 33 66 66 66 33 33 33 66 66 66 33 33 33 66 66 66 33 33 33 66 66 66 33 33 33 66 66 66 33 33 33 66 66 66 33 33 33 66 66 66 33 33 33 66 66 66 33 33 66 66 
66 33 33 33 66 66 66 66 33 33 66 66 66 33 33 33 66 66 66 66 66 66 33 33 33 66 66 66 33 33 33 66 66 66 33 33 33 66 66 66 33 33 33 66 66 66 33 33 66 66 66 66 33 33 33 66 66 66 33 33 66 66 66 66 
33 33 66 66 66 33 33 33 66 66 66 33 33 66 66 66 66 33 33 33 66 66 66 33 33 66 66 66 66 33 33 33 66 66 66 33 33 66 66 66 66 33 33 66 66 66 33 33 33 66 66 66 66 33 33 66 66 66 33 33 33 66 66 66 
33 33 66 66 66 66 33 33 66 66 66 33 33 33 66 66 66 33 33 33 66 66 66 33 33 33 66 66 66 33 33 33 66 66 66 33 33 33 66 66 66 33 33 33 66 66 66 33 33 33 66 66 66 33 33 33 66 66 66 33 33 33 66 66 
66 33 33 66 66 66 33 33 33 66 66 66 66 33 33 66 66 66 33 33 33 66 66 66 66 33 33 66 66 66 33 33 33 66 66 66 33 33 33 66 66 66 33 33 33 66 66 66 33 33 33 66 66 66 33 33 66 66 66 66 33 33 33 66 
66 66 33 33 66 66 66 33 33 33 66 66 66 66 33 33 66 66 66 33 33 33 66 66 66 33 33 33 66 66 66 33 33 33 66 66 66 33 33 33 66 66 66 33 33 33 66 66 66 33 33 33 66 66 66 33 33 33 66 66 66 33 33 33 
66 66 66 33 33 66 66 66 66 33 33 66 66 66 33 33 33 66 66 66 66 33 33 66 66 66 33 33 33 66 66 66 33 33 33 66 66 66 33 33 33 66 66 66 33 33 33 66 66 66 33 33 33 66 66 66 33 33 33 66 66 66 33 33 
66 66 66 33 33 33 66 66 66 66 33 33 66 66 66 33 33 33 66 66 66 33 33 33 66 66 66 33 33 33 66 66 66 33 33 33 66 66 66 33 33 33 66 66 66 33 33 33 66 66 66 33 33 33 66 66 66 33 33 33 66 66 66 33 
33 66 66 66 66 33 33 66 66 66 33 33 33 66 66 66 66 33 33 66 66 66 33 33 33 66 66 66 66 33 33 66 66 66 33 33 33 66 66 66 33 33 33 66 66 66 33 33 33 66 66 66 33 33 33 66 66 66 33 33 66 66 66 66 
33 33 66 66 66 66 33 33 66 66 66 33 33 33 66 66 66 66 33 33 561 66 66 33 33 33 66 66 66 33 33 33 66 66 66 33 33 33 66 66 66 33 33 33 66 66 66 33 33 66 66 66 66 33 33 66 66 66 33 33 33 66 66 66 
33 66 66 33 33 66 66 66 33 33 33 66 66 66 33 33 33 66 66 66 33 33 66 66 66 66 33 33 33 66 66 66 33 33 66 66 66 66 33 33 66 66 66 33 33 33 66 66 66 66 33 33 66 66 66 33 33 33 66 66 66 66 33 33 
66 66 66 33 33 66 66 66 66 33 33 66 66 66 66 33 33 66 66 66 66 33 33 66 66 66 33 33 33 66 66 66 66 33 33 66 66 66 33 33 33 66 66 66 33 33 33 66 66 66 33 33 33 66 66 66 33 33 33 66 66 66 33 33 
66 66 66 66 33 33 66 66 66 66 33 33 66 66 66 33 33 33 66 66 66 66 33 33 66 66 66 33 33 33 66 66 66 33 33 33 66 66 66 33 33 33 66 66 66 33 33 33 66 66 66 33 33 33 66 66 66 33 33 33 66 66 66 33 
33 66 66 66 66 33 33 33 66 66 66 33 33 66 66 66 66 33 33 66 66 66 33 33 33 66 66 66 66 33 33 66 66 66 33 33 33 66 66 66 33 33 33 66 66 66 33 33 33 66 66 66 33 33 33 66 66 66 33 33 33 66 66 66 
33 33 66 66 66 66 33 33 66 66 66 33 33 33 66 66 66 66 33 33 66 66 66 33 33 33 66 66 66 66 33 33 66 66 66 33 33 33 66 66 66 33 33 33 66 66 66 33 33 33 66 66 66 33 33 33 66 66 66 33 33 33 66 66 
66 33 33 33 66 66 66 33 33 66 66 66 66 33 33 66 66 66 66 33 33 66 66 66 66 33 33 66 66 66 33 33 33 66 66 66 66 33 33 66 66 66 33 33 33 66 66 66 33 33 33 66 66 66 33 33 33 66 66 66 33 33 33 66 
66 66 33 33 66 66 66 33 33 33 66 66 66 66 33 33 66 66 66 33 33 33 66 66 66 66 33 33 66 66 66 33 33 33 66 66 66 33 33 33 66 66 66 33 33 33 66 66 66 33 33 33 66 66 66 33 33 33 66 66 66 33 33 33 
66 66 66 33 33 66 66 66 66 33 33 33 66 66 66 33 33 66 66 66 66 33 33 66 66 66 33 33 33 66 66 66 66 33 33 66 66 66 33 33 33 66 66 66 66 33 33 66 66 66 33 33 33 66 66 66 33 33 33 66 66 66 33 33 
33 66 66 66 33 33 66 66 66 66 33 33 66 66 66 33 33 33 66 66 66 66 33 33 66 66 66 33 33 33 66 66 66 66 33 33 66 66 66 33 33 33 66 66 66 33 33 33 66 66 66 33 33 33 66 66 66 33 33 33 66 66 66 33 
33 66 66 66 66 33 33 33 66 66 66 33 33 66 66 66 66 33 33 33 66 66 66 33 33 66 66 66 66 33 33 66 66 66 33 33 33 66 66 66 66 33 33 66 66 66 33 33 33 66 66 66 33 33 33 66 66 66 33 33 33 66 66 66 
33 33 66 66 66 66 33 33 33 66 66 66 33 33 66 66 66 66 33 33 66 66 66 33 33 33 66 66 66 66 33 33 66 66 66 33 33 33 66 66 66 33 33 33 66 66 66 33 33 33 66 66 66 33 33 33 66 66 66 33 33 33 66 66 
66 33 33 33 66 66 66 33 33 66 66 66 66 33 33 33 66 66 66 33 33 66 66 66 66 33 33 66 66 66 33 33 33 66 66 66 66 33 33 66 66 66 33 33 33 66 66 66 66 33 33 66 66 66 33 33 33 66 66 66 33 33 33 66 
66 66 33 33 33 66 66 66 33 33 66 66 66 66 33 33 66 66 66 33 33 33 66 66 66 66 33 33 66 66 66 33 33 33 66 66 66 66 33 33 66 66 66 33 33 33 66 66 66 33 33 33 66 66 66 33 33 33 66 66 66 33 33 33 
66 66 66 33 33 66 66 66 66 33 33 33 66 66 66 33 33 66 66 66 66 33 33 33 66 66 66 33 33 66 66 66 66 33 33 66 66 66 33 33 33 66 66 66 66 33 33 66 66 66 33 33 33 66 66 66 33 33 33 66 66 66 33 33 
33 66 66 66 33 33 66 66 66 66 33 33 33 66 66 66 33 33 66 66 66 66 33 33 66 66 66 33 33 33 66 66 66 66 33 33 66 66 66 33 33 33 66 66 66 33 33 33 66 66 66 33 33 33 66 66 66 33 33 33 66 66 66 33 
33 33 66 66 66 33 33 33 66 66 66 33 33 66 66 66 66 33 33 33 66 66 66 33 33 66 66 66 66 33 33 66 66 66 33 33 33 66 66 66 66 33 33 66 66 66 33 33 33 66 66 66 33 33 33 66 66 66 33 33 33 66 66 66 
33 33 66 66 66 66 33 33 33 66 66 66 33 33 66 66 66 66 33 33 66 66 66 33 33 33 66 66 66 66 33 33 66 66 66 33 33 33 66 66 66 33 33 33 66 66 66 33 33 33 66 66 66 33 33 33 66 66 66 33 33 33 66 66 
66 33 33 33 66 66 66 33 33 66 66 66 66 33 33 33 66 66 66 33 33 66 66 66 66 33 33 33 66 66 66 33 33 66 66 66 66 33 33 66 66 66 33 33 33 66 66 66 66 33 33 66 66 66 33 33 33 66 66 66 33 33 33 66 
66 66 33 33 33 66 66 66 33 33 66 66 66 66 33 33 33 66 66 66 33 33 66 66 66 66 33 33 66 66 66 33 33 33 66 66 66 66 33 33 66 66 66 33 33 33 66 66 66 33 33 33 66 66 66 33 33 33 66 66 66 33 33 33 
66 66 66 33 33 33 66 66 66 33 33 33 66 66 66 33 33 66 66 66 66 33 33 33 66 66 66 33 33 66 66 66 66 33 33 66 66 66 33 33 33 66 66 66 66 33 33 66 66 66 33 33 33 66 66 66 33 33 33 66 66 66 33 33 
33 66 66 66 33 33 66 66 66 66 33 33 33 66 66 66 33 33 66 66 66 66 33 33 66 66 66 33 33 33 66 66 66 66 33 33 66 66 66 33 33 33 66 66 66 33 33 33 66 66 66 33 33 33 66 66 66 33 33 33 66 66 66 33 
33 33 66 66 66 33 33 33 66 66 66 33 33 66 66 66 66 33 33 33 66 66 66 33 33 66 66 66 66 33 33 33 66 66 66 33 33 66 66 66 66 33 33 66 66 66 33 33 33 66 66 66 66 33 33 66 66 66 33 33 33 66 66 66 
33 33 66 66 66 66 33 33 33 66 66 66 33 33 66 66 66 66 33 33 66 66 66 33 33 33 66 66 66 66 33 33 66 66 66 33 33 33 66 66 66 66 33 33 66 66 66 33 33 33 66 66 66 33 33 33 66 66 66 33 33 33 66 66 
66 33 33 33 66 66 66 33 33 33 66 66 66 33 33 33 66 66 66 33 33 66 66 66 66 33 33 33 66 66 66 33 33 66 66 66 66 33 33 66 66 66 33 33 33 66 66 66 66 33 33 66 66 66 33 33 33 66 66 66 66 33 33 66 
66 66 33 33 33 66 66 66 33 33 66 66 66 66 33 33 33 66 66 66 33 33 66 66 66 66 33 33 66 66 66 33 33 33 66 66 66 66 33 33 66 66 66 33 33 33 66 66 66 66 33 33 66 66 66 33 33 33 66 66 66 33 33 33 
66 66 66 33 33 33 66 66 66 33 33 33 66 66 66 33 33 66 66 66 66 33 33 33 66 66 66 33 33 66 66 66 66 33 33 33 66 66 66 33 33 66 66 66 66 33 33 66 66 66 33 33 33 66 66 66 66 33 33 66 66 66 33 33 
33 66 66 66 33 33 66 66 66 66 33 33 33 66 66 66 33 33 66 66 66 66 33 33 33 66 66 66 33 33 66 66 66 66 33 33 66 66 66 33 33 33 66 66 66 66 33 33 66 66 66 33 33 33 66 66 66 33 33 33 66 66 66 33 
33 33 66 66 66 33 33 33 66 66 66 33 33 33 66 66 66 33 33 33 66 66 66 33 33 66 66 66 66 33 33 33 66 66 66 33 33 66 66 66 66 33 33 66 66 66 33 33 33 66 66 66 66 33 33 66 66 66 33 33 33 66 66 66 
33 33 33 66 66 66 33 33 33 66 66 66 33 33 66 66 66 66 33 33 33 66 66 66 33 33 66 66 66 66 33 33 66 66 66 33 33 33 66 66 66 66 33 33 66 66 66 33 33 33 66 66 66 66 33 33 66 66 66 33 33 33 66 66 
66 33 33 33 66 66 66 33 33 33 66 66 66 33 33 33 66 66 66 33 33 66 66 66 66 33 33 33 66 66 66 33 33 66 66 66 66 33 33 33 66 66 66 33 33 66 66 66 66 33 33 66 66 66 33 33 33 66 66 66 66 33 33 66 
66 66 33 33 33 66 66 66 33 33 66 66 66 66 33 33 33 66 66 66 33 33 66 66 66 66 33 33 33 66 66 66 33 33 66 66 66 66 33 33 66 66 66 33 33 33 66 66 66 66 33 33 66 66 66 33 33 33 66 66 66 33 33 33 
66 66 66 33 33 33 66 66 66 33 33 33 66 66 66 33 33 33 66 66 66 33 33 33 66 66 66 33 33 66 66 66 66 33 33 33 66 66 66 33 33 66 66 66 66 33 33 66 66 66 33 33 33 66 66 66 66 33 33 66 66 66 33 33 
33 66 66 66 33 33 66 66 66 66 33 33 33 66 66 66 33 33 66 66 66 66 33 33 33 66 66 66 33 33 66 66 66 66 33 33 66 66 66 33 33 33 66 66 66 66 33 33 66 66 66 33 33 33 66 66 66 33 33 33 66 66 66 33 
33 33 66 66 66 33 33 33 66 66 66 33 33 33 66 66 66 33 33 33 66 66 66 33 33 66 66 66 66 33 33 33 66 66 66 33 33 66 66 66 66 33 33 66 66 66 66 33 33 66 66 66 66 33 33 66 66 66 33 33 33 66 66 66 
33 33 33 66 66 66 33 33 33 66 66 66 33 33 66 66 66 66 33 33 33 66 66 66 33 33 66 66 66 66 33 33 33 66 66 66 33 33 66 66 66 66 33 33 66 66 66 33 33 33 66 66 66 66 33 33 66 66 66 33 33 33 66 66 
66 33 33 33 66 66 66 33 33 33 66 66 66 33 33 33 66 66 66 33 33 33 66 66 66 33 33 33 66 66 66 33 33 66 66 66 66 33 33 33 66 66 66 33 33 66 66 66 66 33 33 66 66 66 33 33 33 66 66 66 66 33 33 66 
66 66 33 33 33 66 66 66 33 33 66 66 66 66 33 33 33 66 66 66 33 33 66 66 66 66 33 33 33 66 66 66 33 33 66 66 66 66 33 33 66 66 66 33 33 33 66 66 66 66 33 33 66 66 66 33 33 33 66 66 66 33 33 33 
66 66 66 33 33 33 66 66 66 33 33 33 66 66 66 33 33 33 66 66 66 33 33 33 66 66 66 33 33 66 66 66 66 33 33 33 66 66 66 33 33 66 66 66 66 33 33 66 66 66 33 33 33 66 66 66 66 33 33 66 66 66 33 33 
33 66 66 66 33 33 33 66 66 66 33 33 33 66 66 66 33 33 66 66 66 66 33 33 33 66 66 66 33 33 66 66 66 66 33 33 33 66 66 66 33 33 66 66 66 66 33 33 66 66 66 33 33 33 66 66 66 66 33 33 66 66 66 33 
33 33 66 66 66 33 33 33 66 66 66 33 33 33 66 66 66 33 33 33 66 66 66 33 33 33 66 66 66 33 33 33 66 66 66 33 33 66 66 66 66 33 33 33 66 66 66 33 33 66 66 66 66 33 33 66 66 66 33 33 33 66 66 66 
33 33 33 66 66 66 33 33 33 66 66 66 33 33 33 66 66 66 33 33 33 66 66 66 33 33 66 66 66 66 33 33 33 66 66 66 33 33 66 66 66 66 33 33 66 66 66 33 33 33 66 66 66 66 33 33 66 66 66 33 33 33 66 66 
66 33 33 33 66 66 66 33 33 33 66 66 66 33 33 33 66 66 66 33 33 33 66 66 66 33 33 33 66 66 66 33 33 66 66 66 66 33 33 33 66 66 66 33 33 66 66 66 66 33 33 33 66 66 66 33 33 66 66 66 66 33 33 66 
66 66 33 33 33 66 66 66 33 33 33 66 66 66 33 33 33 66 66 66 33 33 66 66 66 66 33 33 33 66 66 66 33 33 66 66 66 66 33 33 33 66 66 66 33 33 66 66 66 66 33 33 66 66 66 33 33 33 66 66 66 66 33 33 
66 66 66 33 33 33 66 66 66 33 33 33 66 66 66 33 33 33 66 66 66 33 33 33 66 66 66 33 33 33 66 66 66 33 33 33 66 66 66 33 33 66 66 66 66 33 33 33 66 66 66 33 33 66 66 66 66 33 33 66 66 66 33 33 
33 66 66 66 33 33 33 66 66 66 33 33 33 66 66 66 33 33 33 66 66 66 33 33 33 66 66 66 33 33 66 66 66 66 33 33 33 66 66 66 33 33 66 66 66 66 33 33 66 66 66 33 33 33 66 66 66 66 33 33 66 66 66 33 
33 33 66 66 66 33 33 33 66 66 66 33 33 33 66 66 66 33 33 33 66 66 66 33 33 33 66 66 66 33 33 33 66 66 66 33 33 66 66 66 66 33 33 33 66 66 66 33 33 66 66 66 66 33 33 33 66 66 66 33 33 66 66 66 
33 33 33 66 66 66 33 33 33 66 66 66 33 33 33 66 66 66 33 33 33 66 66 66 33 33 66 66 66 66 33 33 33 66 66 66 33 33 66 66 66 66 33 33 33 66 66 66 33 33 66 66 66 66 33 33 66 66 66 33 33 33 66 66 
66 33 33 33 66 66 66 33 33 33 66 66 66 33 33 33 66 66 66 33 33 33 66 66 66 33 33 33 66 66 66 33 33 33 66 66 66 33 33 33 66 66 66 33 33 66 66 66 66 33 33 33 66 66 66 33 33 66 66 66 66 33 33 66 
66 66 33 33 33 66 66 66 33 33 33 66 66 66 33 33 33 66 66 66 33 33 66 66 66 66 33 33 33 66 66 66 33 33 66 66 66 66 33 33 33 66 66 66 33 33 66 66 66 66 33 33 66 66 66 33 33 33 66 66 66 66 33 33 
66 66 66 33 33 33 66 66 66 33 33 33 66 66 66 33 33 33 66 66 66 33 33 33 66 66 66 33 33 33 66 66 66 33 33 33 66 66 66 33 33 66 66 66 66 33 33 33 66 66 66 33 33 66 66 66 66 33 33 33 66 66 66 33 
33 66 66 66 33 33 33 66 66 66 33 33 33 66 66 66 33 33 33 66 66 66 33 33 33 66 66 66 33 33 66 66 66 66 33 33 33 66 66 66 33 33 66 66 66 66 33 33 33 66 66 33 33 33 66 66 66 66 33 33 66 66 66 33 
33 33 66 66 66 33 33 33 66 66 66 33 33 33 66 66 66 33 33 33 66 66 66 33 33 33 66 66 66 33 33 33 66 66 66 33 33 66 66 66 66 33 33 33 66 66 66 33 33 66 66 66 66 33 33 33 66 66 66 33 33 66 66 66 
33 33 33 66 66 66 33 33 33 66 66 66 33 33 33 66 66 66 33 33 33 66 66 66 33 33 33 66 66 66 33 33 33 66 66 66 33 33 66 66 66 66 33 33 33 66 66 66 33 33 66 66 66 66 33 33 66 66 66 33 33 33 66 66 
66 33 33 33 66 66 66 33 33 33 66 66 66 33 33 33 66 66 66 33 33 33 66 66 66 33 33 33 66 66 66 33 33 33 66 66 66 33 33 33 66 66 66 33 33 66 66 66 66 33 33 33 66 66 66 33 33 66 66 66 66 33 33 66 
66 66 33 33 33 66 66 66 33 33 33 66 66 66 33 33 33 66 66 66 33 33 33 66 66 66 33 33 33 66 66 66 33 33 66 66 66 66 33 33 33 66 66 66 33 33 66 66 66 66 33 33 33 66 66 66 33 33 66 66 66 66 33 33 
66 66 66 33 33 33 66 66 66 33 33 33 66 66 66 33 33 33 66 66 66 33 33 33 66 66 66 33 33 33 66 66 66 33 33 33 66 66 66 33 33 33 66 66 66 33 33 33 66 66 66 33 33 66 66 66 66 33 33 33 66 66 66 33 
33 66 66 66 33 33 33 66 66 66 33 33 33 66 66 66 33 33 33 66 66 66 33 33 33 66 66 66 33 33 33 66 66 66 33 33 33 66 66 66 33 33 66 66 66 66 33 33 33 66 66 66 33 33 66 66 66 66 33 33 66 66 66 33 
33 33 66 66 66 33 33 33 66 66 66 33 33 33 66 66 66 33 33 33 66 66 66 33 33 33 66 66 66 33 33 33 66 66 66 33 33 33 66 66 66 33 33 33 66 66 66 33 33 66 66 66 66 33 33 33 66 66 66 33 33 66 66 66 
33 33 33 66 66 66 66 33 33 66 66 66 33 33 33 66 66 66 33 33 33 66 66 66 33 33 33 66 66 66 33 33 33 66 66 66 33 33 66 66 66 66 33 33 33 66 66 66 33 33 66 66 66 66 33 33 33 66 66 66 33 33 66 66 
66 33 33 33 66 66 66 33 33 33 66 66 66 33 33 33 66 66 66 33 33 33 66 66 66 33 33 33 66 66 66 33 33 33 66 66 66 33 33 33 66 66 66 33 33 33 66 66 66 33 33 33 66 66 66 33 33 66 66 66 66 33 33 33 
66 66 66 33 33 66 66 66 33 33 33 66 66 66 33 33 33 66 66 66 33 33 33 66 66 66 33 33 33 66 66 66 33 33 33 66 66 66 33 33 33 66 66 66 33 33 66 66 66 66 33 33 33 66 66 66 33 33 66 66 66 66 33 33 
66 66 66 33 33 33 66 66 66 33 33 33 66 66 66 33 33 33 66 66 66 33 33 33 66 66 66 33 33 33 66 66 66 33 33 33 66 66 66 33 33 33 66 66 66 33 33 33 66 66 66 33 33 66 66 66 66 33 33 33 66 66 66 33 
33 66 66 66 33 33 33 66 66 66 66 33 33 66 66 66 33 33 33 66 66 66 33 33 33 66 66 66 33 33 33 66 66 66 33 33 33 66 66 66 33 33 66 66 66 66 33 33 33 66 66 66 33 33 66 66 66 66 33 33 66 66 66 33 
33 33 66 66 66 33 33 33 66 66 66 33 33 33 66 66 66 33 33 33 66 66 66 33 33 33 66 66 66 33 33 33 66 66 66 33 33 33 66 66 66 33 33 33 66 66 66 33 33 66 66 66 66 33 33 33 66 66 66 33 33 66 66 66 
33 33 33 66 66 66 66 33 33 66 66 66 33 33 33 66 66 66 33 33 33 66 66 66 33 33 33 66 66 66 33 33 33 66 66 66 33 33 66 66 66 66 33 33 33 66 66 66 33 33 66 66 66 66 33 33 33 66 66 66 33 33 66 66 
66 33 33 33 66 66 66 33 33 33 66 66 66 33 33 33 66 66 66 33 33 33 66 66 66 33 33 33 66 66 66 33 33 33 66 66 66 33 33 33 66 66 66 33 33 33 66 66 66 33 33 33 66 66 66 33 33 66 66 66 66 33 33 33 
66 66 66 33 33 66 66 66 33 33 33 66 66 66 33 33 33 66 66 66 33 33 33 66 66 66 33 33 33 66 66 66 33 33 33 66 66 66 33 33 33 66 66 66 33 33 66 66 66 66 33 33 33 66 66 66 33 33 66 66 66 66 33 33 
66 66 66 66 33 33 66 66 66 33 33 33 66 66 66 33 33 33 66 66 66 33 33 33 66 66 66 33 33 33 66 66 66 33 33 33 66 66 66 33 33 33 66 66 66 33 33 33 66 66 66 33 33 66 66 66 66 33 33 33 66 66 66 33 
33 66 66 66 33 33 33 66 66 66 66 33 33 66 66 66 33 33 33 66 66 66 33 33 33 66 66 66 33 33 33 66 66 66 33 33 33 66 66 66 33 33 33 66 66 66 33 33 33 66 66 66 33 33 66 66 66 66 33 33 33 66 66 66 
33 33 66 66 66 33 33 33 66 66 66 33 33 33 66 66 66 33 33 33 66 66 66 33 33 33 66 66 66 33 33 33 66 66 66 33 33 33 66 66 66 33 33 33 66 66 66 33 33 33 66 66 66 33 33 33 66 66 66 33 33 66 66 66 
33 33 33 66 66 66 66 33 33 66 66 66 33 33 33 66 66 66 66 33 33 66 66 66 33 33 33 66 66 66 33 33 33 66 66 66 33 33 33 66 66 66 33 33 33 66 66 66 33 33 66 66 66 66 33 33 33 66 66 66 33 33 66 66 
66 33 33 33 66 66 66 66 33 33 66 66 66 33 33 33 66 66 66 33 33 33 66 66 66 33 33 33 66 66 66 33 33 33 66 66 66 33 33 33 66 66 66 33 33 33 66 66 66 33 33 33 66 66 66 33 33 33 66 66 66 33 33 33 
66 66 66 33 33 66 66 66 33 33 33 66 66 66 66 33 33 66 66 66 33 33 33 66 66 66 33 33 33 66 66 66 33 33 33 66 66 66 33 33 33 66 66 66 33 33 33 66 66 66 33 33 33 66 66 66 33 33 66 66 66 66 33 33 
66 66 66 66 33 33 66 66 66 33 33 33 66 66 66 33 33 33 66 66 66 33 33 33 66 66 66 33 33 33 66 66 66 33 33 33 66 66 66 33 33 33 66 66 66 33 33 33 66 66 66 33 33 33 66 66 66 33 33 33 66 66 66 33 
33 66 66 66 33 33 33 66 66 66 66 33 33 66 66 66 33 33 33 66 66 66 66 33 33 66 66 66 33 33 33 66 66 66 33 33 33 66 66 66 33 33 33 66 66 66 33 33 33 66 66 66 33 33 66 66 66 66 33 33 33 66 66 66 
33 33 66 66 66 33 33 33 66 66 66 66 33 33 66 66 66 33 33 33 66 66 66 33 33 33 66 66 66 33 33 33 66 66 66 33 33 33 66 66 66 33 33 33 66 66 66 33 33 33 66 66 66 33 33 33 66 66 66 33 33 33 66 66 
66 33 33 66 66 66 66 33 33 66 66 66 33 33 33 66 66 66 66 33 33 66 66 66 33 33 33 66 66 66 33 33 33 66 66 66 33 33 33 66 66 66 33 33 33 66 66 66 33 33 33 66 66 66 33 33 33 66 66 66 33 33 66 66 
66 33 33 33 66 66 66 66 33 33 66 66 66 33 33 33 66 66 66 33 33 33 66 66 66 33 33 33 66 66 66 33 33 33 66 66 66 33 33 33 66 66 66 33 33 33 66 66 66 33 33 33 66 66 66 33 33 33 66 66 66 33 33 33 
66 66 66 33 33 66 66 66 33 33 33 66 66 66 66 33 33 66 66 66 33 33 33 66 66 66 66 33 33 66 66 66 33 33 33 66 66 66 33 33 33 66 66 66 33 33 33 66 66 66 33 33 33 66 66 66 33 33 66 66 66 66 33 33 
66 66 66 66 33 33 66 66 66 33 33 33 66 66 66 66 33 33 66 66 66 33 33 33 66 66 66 33 33 33 66 66 66 33 33 33 66 66 66 33 33 33 66 66 66 33 33 33 66 66 66 33 33 33 66 66 66 33 33 33 66 66 66 33 
33 66 66 66 66 33 33 66 66 66 66 33 33 66 66 66 33 33 33 66 66 66 66 33 33 66 66 66 33 33 33 66 66 66 33 33 33 66 66 66 33 33 33 66 66 66 33 33 33 66 66 66 33 33 33 66 66 66 33 33 33 66 66 66 
33 33 66 66 66 33 33 33 66 66 66 66 33 33 66 66 66 33 33 33 66 66 66 33 33 33 66 66 66 33 33 33 66 66 66 33 33 33 66 66 66 33 33 33 66 66 66 33 33 33 66 66 66 33 33 33 66 66 66 33 33 33 66 66 
66 33 33 66 66 66 66 33 33 66 66 66 33 33 33 66 66 66 66 33 33 66 66 66 33 33 33 66 66 66 33 33 33 66 66 66 33 33 33 66 66 66 33 33 33 66 66 66 33 33 33 66 66 66 33 33 33 66 66 66 33 33 66 66 
66 33 33 33 66 66 66 66 33 33 66 66 66 33 33 33 66 66 66 33 33 33 66 66 66 33 33 33 66 66 66 33 33 33 66 66 66 33 33 33 66 66 66 33 33 33 66 66 66 33 33 33 66 66 66 33 33 33 66 66 66 33 33 33 
66 66 66 33 33 33 66 66 66 33 33 66 66 66 66 33 33 66 66 66 33 33 33 66 66 66 66 33 33 66 66 66 33 33 33 66 66 66 33 33 33 66 66 66 33 33 33 66 66 66 33 33 33 66 66 66 33 33 33 66 66 66 33 33 
66 66 66 66 33 33 66 66 66 33 33 33 66 66 66 66 33 33 66 66 66 33 33 33 66 66 66 33 33 33 66 66 66 33 33 33 66 66 66 33 33 33 66 66 66 33 33 33 66 66 66 33 33 33 66 66 66 33 33 33 66 66 66 33 
33 33 66 66 66 33 33 66 66 66 66 33 33 66 66 66 33 33 33 66 66 66 66 33 33 66 66 66 33 33 33 66 66 66 66 33 33 66 66 66 33 33 33 66 66 66 33 33 33 66 66 66 33 33 33 66 66 66 33 33 33 66 66 66 
33 33 66 66 66 33 33 33 66 66 66 66 33 33 66 66 66 33 33 33 66 66 66 66 33 33 66 66 66 33 33 33 66 66 66 33 33 33 66 66 66 33 33 33 66 66 66 33 33 33 66 66 66 33 33 33 66 66 66 33 33 33 66 66 
66 33 33 66 66 66 66 33 33 33 66 66 66 33 33 66 66 66 66 33 33 66 66 66 33 33 33 66 66 66 66 33 33 66 66 66 33 33 33 66 66 66 33 33 33 66 66 66 33 33 33 66 66 66 33 33 33 66 66 66 33 33 33 66 
66 66 33 33 66 66 66 66 33 33 66 66 66 33 33 33 66 66 66 66 33 33 66 66 66 33 33 33 66 66 66 33 33 33 66 66 66 33 33 33 66 66 66 33 33 33 66 66 66 33 33 33 66 66 66 33 33 33 66 66 66 33 33 33 
66 66 66 33 33 33 66 66 66 33 33 66 66 66 66 33 33 66 66 66 33 33 33 66 66 66 66 33 33 66 66 66 33 33 33 66 66 66 66 33 33 66 66 66 33 33 33 66 66 66 33 33 33 66 66 66 33 33 33 66 66 66 33 33 
66 66 66 66 33 33 66 66 66 33 33 33 66 66 66 66 33 33 66 66 66 33 33 33 66 66 66 66 33 33 66 66 66 33 33 33 66 66 66 33 33 33 66 66 66 33 33 33 66 66 66 33 33 33 66 66 66 33 33 33 66 66 66 33 
33 33 66 66 66 33 33 66 66 66 66 33 33 33 66 66 66 33 33 66 66 66 66 33 33 66 66 66 33 33 33 66 66 66 66 33 33 66 66 66 33 33 33 66 66 66 33 33 33 66 66 66 33 33 33 66 66 66 33 33 33 66 66 66 
33 33 33 66 66 66 33 33 66 66 66 66 33 33 66 66 66 33 33 33 66 66 66 66 33 33 66 66 66 33 33 33 66 66 66 33 33 33 66 66 66 33 33 33 66 66 66 33 33 33 66 66 66 33 33 33 66 66 66 33 33 33 66 66 
66 33 33 66 66 66 66 33 33 33 66 66 66 33 33 66 66 66 66 33 33 66 66 66 33 33 33 66 66 66 66 33 33 66 66 66 33 33 33 66 66 66 66 33 33 66 66 66 33 33 33 66 66 66 33 33 33 66 66 66 33 33 33 66 
66 66 33 33 66 66 66 66 33 33 66 66 66 33 33 33 66 66 66 66 33 33 66 66 66 33 33 33 66 66 66 33 33 33 66 66 66 33 33 33 66 66 66 33 33 33 66 66 66 33 33 33 66 66 66 33 33 33 66 66 66 33 33 33 
66 66 66 33 33 33 66 66 66 33 33 66 66 66 66 33 33 33 66 66 66 33 33 66 66 66 66 33 33 66 66 66 33 33 33 66 66 66 66 33 33 66 66 66 33 33 33 66 66 66 33 33 33 66 66 66 33 33 33 66 66 66 33 33 
66 66 66 66 33 33 66 66 66 66 33 33 66 66 66 66 33 33 66 66 66 33 33 33 66 66 66 66 33 33 66 66 66 33 33 33 66 66 66 33 33 33 66 66 66 33 33 33 66 66 66 33 33 33 66 66 66 33 33 33 66 66 66 33 
33 33 66 66 66 33 33 66 66 66 66 33 33 33 66 66 66 33 33 66 66 66 66 33 33 66 66 66 33 33 33 66 66 66 66 33 33 66 66 66 33 33 33 66 66 66 66 33 33 66 66 66 33 33 33 66 66 66 33 33 33 66 66 66 
33 33 33 66 66 66 33 33 66 66 66 66 66 66 66 66 66 66 33 33 66 66 66 66 66 66 66 66 66 66 66 66 66 66 66 66 66 66 66 66 66 66 66 66 33 66 33 66 66 66 66 66 33 33 66 66 66 33 33 33 66 66 66 33 
33 33 66 66 66 33 33 33 66 66 66 33 33 33 66 66 66 33 33 33 66 66 66 33 33 33 66 66 66 33 33 66 66 66 66 33 33 33 66 66 66 33 33 66 66 66 66 33 33 66 66 66 33 33 33 66 66 66 66 33 33 66 66 66 
33 33 33 66 66 66 33 33 33 66 66 66 33 33 33 66 66 66 33 33 66 66 66 66 33 33 33 66 66 66 33 33 66 66 66 66 33 33 33 66 66 66 33 33 66 66 66 66 33 33 66 66 66 33 33 33 66 66 66 66 33 33 66 66 
66 33 33 33 66 66 66 33 33 33 66 66 66 33 33 33 66 66 66 33 33 33 66 66 66 33 33 33 66 66 66 33 33 33 66 66 66 33 33 66 66 66 66 33 33 33 66 66 66 33 33 66 66 66 66 33 33 66 66 66 33 33 33 66 
66 66 33 33 33 66 66 66 33 33 33 66 66 66 33 33 33 66 66 66 33 33 33 66 66 66 33 33 66 66 66 66 33 33 33 66 66 66 33 33 66 66 66 66 33 33 66 66 66 33 33 33 66 66 66 66 66 66 66 66 66 33 33 66 
33 66 66 66 66 66 66 66 66 66 66 66 66 66 66 66 66 66 66 66 66 66 66 66 66 66 66 66 66 66 66 66 66 66 66 66 66 66 66 66 66 66 66 66 66 33 33 33 33 66 66 66 66 66 66 66 66 66 66 66 66 66 66 66 
66 66 66 66 66 66 66 66 66 66 66 66 66 66 66 66 66 66 66 66 66 66 66 66 66 66 66 66 66 66 66 66 66 66 66 66 66 66 66 66 66 66 66 66 66 33 66 66 66 33 66 66 66 66 66 66 66 66 66 66 66 66 66 66 
66 66 66 66 66 66 66 66 66 66 66 66 66 66 66 66 66 66 66 66 66 66 66 66 66 66 66 66 66 66 66 66 66 66 66 66 66 66 66 66 66 33 33 33 33 33 66 66 66 66 66 66 66 66 66 66 66 66 66 66 66 66 66 66 
66 66 66 66 66 66 66 66 66 33 33 33 66 66 33 33 33 66 66 66 33 33 66 66 66 33 33 33 66 66 33 33 33 66 66 66 33 33 66 66 66 66 33 33 66 66 66 33 33 66 66 66 33 33 66 66 66 66 33 33 66 66 66 33 
33 66 66 66 33 33 66 66 66 33 33 66 66 66 66 33 33 66 66 66 33 33 33 66 66 33 33 33 66 66 66 33 33 66 66 66 33 33 33 66 66 33 33 33 66 66 66 33 33 66 66 66 33 33 33 66 66 33 33 33 66 66 66 33 
33 66 66 66 33 33 66 66 66 66 33 33 66 66 66 33 33 66 66 66 33 33 66 66 66 66 33 33 66 66 66 33 33 66 66 66 33 33 33 66 66 66 33 33 66 66 66 33 33 66 66 66 33 33 33 66 66 66 33 33 66 66 66 33 
33 66 66 66 33 66 66 66 66 66 66 66 66 66 66 66 66 66 66 66 66 66 66 66 66 66 66 66 66 66 66 66 66 33 33 66 66 66 66 66 66 66 66 66 66 66 66 66 66 66 66 66 66 66 66 66 66 66 66 33 33 33 66 66 
66 66 66 66 66 66 66 66 66 66 66 66 66 66 66 66 66 66 66 66 66 33 33 33 66 66 66 66 66 66 66 66 66 66 66 66 66 66 66 66 66 66 66 66 66 66 66 33 33 33 66 66 66 66 66 66 66 66 66 66 66 66 66 66 
66 66 66 66 66 66 66 66 66 66 33 33 66 66 66 66 66 66 66 66 66 66 66 66 66 66 66 66 66 66 66 66 66 66 66 66 66 66 66 66 66 66 66 66 66 66 66 66 66 66 66 66 66 66 66 66 66 66 66 66 33 66 33 66 
33 66 66 66 66 66 66 66 66 66 66 66 66 66 66 66 66 66 66 33 33 66 66 66 33 33 33 66 66 66 33 33 33 66 66 66 33 33 33 66 66 66 33 33 33 66 66 66 33 33 33 66 66 66 33 33 33 66 66 66 33 33 33 66 
66 66 33 33 66 66 66 33 33 33 66 66 66 66 33 33 66 66 66 33 33 33 66 66 66 66 33 33 66 66 66 33 33 33 66 66 66 33 33 33 66 66 66 33 33 33 66 66 66 33 33 33 66 66 66 33 33 33 66 66 66 33 33 33 
66 66 66 33 33 66 66 66 66 33 33 66 66 66 66 33 33 66 66 66 66 33 33 66 66 66 33 33 33 66 66 66 66 33 33 66 66 66 33 33 33 66 66 66 33 33 33 66 66 66 33 33 33 66 66 66 33 33 33 66 66 66 33 33 
33 66 66 66 33 33 66 66 66 66 33 33 66 66 66 33 33 33 66 66 66 66 33 33 66 66 66 33 33 33 66 66 66 33 33 33 66 66 66 33 33 33 66 66 66 33 33 33 66 66 66 33 33 33 66 66 66 33 33 33 66 66 66 33 
33 66 66 66 33 33 33 33 66 66 66 33 33 66 66 66 33 33 33 66 66 66 33 33 33 66 66 66 33 33 33 66 66 66 33 33 33 66 66 66 33 33 33 66 66 66 33 33 33 66 66 66 33 33 33 66 66 66 33 33 33 66 66 66 
33 33 66 66 66 66 33 33 66 66 66 33 33 33 66 66 66 66 33 33 66 66 66 33 33 33 66 66 66 66 33 33 66 66 66 33 33 33 66 66 66 33 33 33 66 66 66 33 33 33 66 66 66 33 33 33 66 66 66 33 33 33 66 66 
66 33 33 66 66 66 66 33 33 66 66 66 66 33 33 66 66 66 66 33 33 66 66 66 66 33 33 66 66 66 33 33 33 66 66 66 33 33 33 66 66 66 33 33 33 66 66 66 33 33 33 66 66 66 33 33 33 66 66 66 33 33 33 66 
66 66 33 33 33 66 66 66 33 33 66 66 66 66 33 33 66 66 66 33 33 33 66 66 66 66 33 33 66 66 66 33 33 33 66 66 66 33 33 33 66 66 66 33 33 33 66 66 66 33 33 33 66 66 66 33 33 33 66 66 66 33 33 33 
66 66 66 33 33 66 66 66 33 33 33 66 66 66 66 33 33 66 66 66 33 33 33 66 66 66 33 33 33 66 66 66 33 33 33 66 66 66 33 33 33 66 66 66 33 33 33 66 66 66 33 33 33 66 66 66 33 33 33 66 66 66 33 33 
33 66 66 66 33 33 66 66 66 66 33 33 66 66 66 33 33 33 66 66 66 66 33 33 66 66 66 33 33 33 66 66 66 66 33 33 66 66 66 33 33 33 66 66 66 33 33 33 66 66 66 33 33 33 66 66 66 33 33 33 66 66 66 33 
33 66 66 66 33 33 33 66 66 66 66 33 33 66 66 66 33 33 33 66 66 66 66 33 33 66 66 66 66 33 33 66 66 66 33 33 33 66 66 66 33 33 33 66 66 66 33 33 33 66 66 66 33 33 33 66 66 66 33 33 33 66 66 66 
33 33 66 66 66 66 33 33 66 66 66 33 33 33 66 66 66 66 33 33 66 66 66 33 33 33 66 66 66 66 33 33 66 66 66 33 33 33 66 66 66 33 33 33 66 66 66 33 33 33 66 66 66 33 33 33 66 66 66 33 33 33 66 66 
33 33 33 33 66 66 66 33 33 66 66 66 33 33 33 33 66 66 66 33 33 66 66 66 33 33 33 66 66 66 33 33 33 66 66 66 33 33 33 66 66 66 33 33 33 66 66 66 33 33 33 66 66 66 33 33 33 66 66 66 33 33 33 66 
66 66 33 33 33 66 66 66 33 33 66 66 66 66 33 33 66 66 66 33 33 33 66 66 66 66 33 33 66 66 66 33 33 33 66 66 66 66 33 33 66 66 66 33 33 33 66 66 66 33 33 33 66 66 66 33 33 33 66 66 66 33 33 33 
66 66 66 33 33 66 66 66 66 33 33 66 66 66 66 33 33 66 66 66 66 33 33 66 66 66 66 33 33 66 66 66 66 33 33 66 66 66 33 33 33 66 66 66 66 33 33 66 66 66 33 33 33 66 66 66 33 33 33 66 66 66 33 33 
33 66 66 66 33 33 66 66 66 66 33 33 33 66 66 66 33 33 66 66 66 66 33 33 66 66 66 33 33 33 66 66 66 66 33 33 66 66 66 33 33 33 66 66 66 33 33 33 66 66 66 33 33 33 66 66 66 33 33 33 66 66 66 33 
33 33 66 66 66 33 33 33 66 66 66 33 33 66 66 66 33 33 33 33 66 66 66 33 33 66 66 66 33 33 33 66 66 66 33 33 33 66 66 66 33 33 33 66 66 66 33 33 33 66 66 66 33 33 33 66 66 66 33 33 33 66 66 66 
33 33 66 66 66 66 33 33 33 66 66 66 33 33 66 66 66 66 33 33 66 66 66 33 33 33 66 66 66 66 33 33 66 66 66 33 33 33 66 66 66 66 33 33 66 66 66 33 33 33 66 66 66 33 33 33 66 66 66 33 33 33 66 66 
66 33 33 66 66 66 66 33 33 66 66 66 66 33 33 66 66 66 66 33 33 66 66 66 66 33 33 66 66 66 66 33 33 66 66 66 66 33 33 66 66 66 33 33 33 66 66 66 66 33 33 66 66 66 33 33 33 66 66 66 33 33 33 66 
66 66 33 33 33 66 66 66 33 33 66 66 66 66 33 33 33 66 66 66 33 33 66 66 66 66 33 33 66 66 66 33 33 33 66 66 66 66 33 33 66 66 66 33 33 33 66 66 66 33 33 33 66 66 66 33 33 33 66 66 66 33 33 33 
66 66 66 33 33 33 66 66 66 33 33 33 66 66 66 33 33 66 66 66 33 33 33 33 66 66 66 33 33 66 66 66 33 33 33 66 66 66 33 33 33 66 66 66 33 33 33 66 66 66 33 33 33 66 66 66 33 33 33 66 66 66 33 33 
33 66 66 66 33 33 66 66 66 66 33 33 33 66 66 66 33 33 66 66 66 66 33 33 66 66 66 33 33 33 66 66 66 66 33 33 66 66 66 33 33 33 66 66 66 66 33 33 66 66 66 33 33 33 66 66 66 33 33 33 66 66 66 33 
33 33 66 66 66 33 33 66 66 66 66 33 33 66 66 66 66 33 33 66 66 66 66 33 33 66 66 66 66 33 33 66 66 66 66 33 33 66 66 66 66 33 33 66 66 66 33 33 33 66 66 66 33 33 33 66 66 66 33 33 33 66 66 66 
33 33 66 66 66 66 33 33 33 66 66 66 33 33 66 66 66 66 33 33 33 66 66 66 33 33 66 66 66 66 33 33 66 66 66 33 33 33 66 66 66 66 33 33 66 66 66 33 33 33 66 66 66 33 33 33 66 66 66 33 33 33 66 66 
66 33 33 33 66 66 66 33 33 33 66 66 66 33 33 33 66 66 66 33 33 66 66 66 33 33 33 33 66 66 66 33 33 66 66 66 33 33 33 66 66 66 33 33 33 66 66 66 33 33 33 66 66 66 33 33 33 66 66 66 33 33 33 66 
66 66 33 33 33 66 66 66 33 33 66 66 66 66 33 33 33 66 66 66 33 33 66 66 66 66 33 33 66 66 66 33 33 33 66 66 66 66 33 33 66 66 66 33 33 33 66 66 66 66 33 33 66 66 66 33 33 33 66 66 66 33 33 33 
66 66 66 33 33 33 66 66 66 33 33 66 66 66 66 33 33 66 66 66 66 33 33 66 66 66 66 33 33 66 66 66 66 33 33 66 66 66 66 33 33 66 66 66 66 33 33 66 66 66 33 33 33 66 66 66 33 33 33 66 66 66 33 33 
33 66 66 66 33 33 66 66 66 66 33 33 33 66 66 66 33 33 66 66 66 66 33 33 33 66 66 66 33 33 66 66 66 66 33 33 66 66 66 33 33 33 66 66 66 66 33 33 66 66 66 33 33 33 66 66 66 33 33 33 66 66 66 33 
33 33 66 66 66 33 33 33 66 66 66 33 33 33 66 66 66 33 33 33 66 66 66 33 33 66 66 66 33 33 33 33 66 66 66 33 33 66 66 66 33 33 33 66 66 66 33 33 33 66 66 66 33 33 33 66 66 66 33 33 33 66 66 66 
33 33 66 66 66 66 33 33 33 66 66 66 33 33 66 66 66 66 33 33 33 66 66 66 33 33 66 66 66 66 33 33 66 66 66 33 33 33 66 66 66 66 33 33 66 66 66 33 33 33 66 66 66 66 33 33 66 66 66 33 33 33 66 66 
66 33 33 66 66 66 66 33 33 33 66 66 66 33 33 66 66 66 66 33 33 66 66 66 66 33 33 66 66 66 66 33 33 66 66 66 66 33 33 66 66 66 66 33 33 66 66 66 66 33 33 66 66 66 33 33 33 66 66 66 66 33 33 66 
66 66 33 33 33 66 66 66 33 33 66 66 66 66 33 33 33 66 66 66 33 33 66 66 66 66 33 33 33 66 66 33 33 33 66 66 66 66 33 33 66 66 66 33 33 33 66 66 66 66 33 33 66 66 66 33 33 33 66 66 66 33 33 33 
66 66 66 33 33 33 66 66 66 33 33 33 66 66 66 33 33 33 66 66 33 33 33 33 66 66 66 33 33 66 66 66 33 33 33 33 66 66 66 33 33 66 66 66 33 33 33 66 66 66 33 33 33 66 66 66 33 33 33 66 66 66 33 33 
33 66 66 66 33 33 33 66 66 66 33 33 33 66 66 66 33 33 66 66 66 66 33 33 33 66 66 66 33 33 66 66 66 66 33 33 66 66 66 33 33 33 66 66 66 66 33 33 66 66 66 33 33 33 66 66 66 33 33 33 66 66 66 33 
33 33 66 66 66 33 33 66 66 66 66 33 33 33 66 66 66 33 33 66 66 66 66 33 33 66 66 66 33 33 33 66 66 66 66 33 33 66 66 66 66 33 33 66 66 66 66 33 33 66 66 66 66 33 33 66 66 66 33 33 33 66 66 66 
33 33 33 66 66 66 33 33 33 66 66 66 33 33 66 66 66 66 33 33 33 66 66 66 33 33 66 66 66 66 33 33 33 66 66 66 33 33 66 66 66 66 33 33 66 66 66 33 33 33 66 66 66 66 33 33 66 66 66 33 33 33 66 66 
66 33 33 33 66 66 66 33 33 33 66 66 66 33 33 33 66 66 66 33 33 33 66 66 66 33 33 33 66 66 66 33 33 66 66 66 33 33 33 66 66 66 66 33 33 66 66 66 33 33 33 66 66 66 33 33 33 66 66 66 33 33 33 66 
66 66 33 33 33 66 66 66 33 33 33 66 66 66 33 33 33 66 66 66 33 33 66 66 66 66 33 33 33 66 66 66 33 33 66 66 66 66 33 33 66 66 66 33 33 33 66 66 66 66 33 33 66 66 66 33 33 33 66 66 66 66 33 33 
66 66 66 33 33 33 66 66 66 33 33 66 66 66 66 33 33 33 66 66 66 33 33 66 66 66 66 33 33 66 66 66 66 33 33 66 66 66 66 33 33 66 66 66 66 33 33 66 66 66 66 33 33 66 66 66 66 33 33 66 66 66 33 33 
33 66 66 66 33 33 33 66 66 66 33 33 33 66 66 66 33 33 66 66 66 66 33 33 33 66 66 66 33 33 66 66 66 66 33 33 33 66 66 66 33 33 66 66 66 66 33 33 66 66 66 33 33 33 66 66 66 66 33 33 66 66 66 33 
33 33 66 66 66 33 33 33 66 66 66 33 33 33 66 66 66 33 33 33 66 66 66 33 33 33 66 66 66 33 33 33 66 66 66 33 33 66 66 66 33 33 33 33 66 66 66 33 33 66 66 66 33 33 33 66 66 66 33 33 33 66 66 66 
33 33 33 66 66 66 33 33 33 66 66 66 33 33 33 66 66 66 33 33 33 66 66 66 33 33 66 66 66 66 33 33 33 66 66 66 33 33 66 66 66 66 33 33 66 66 66 33 33 33 66 66 66 66 33 33 66 66 66 33 33 33 66 66 
66 33 33 33 66 66 66 33 33 33 66 66 66 33 33 66 66 66 66 33 33 33 66 66 66 33 33 66 66 66 66 33 33 66 66 66 66 33 33 66 66 66 66 33 33 66 66 66 66 33 33 66 66 66 66 33 33 66 66 66 66 33 33 66 
66 66 33 33 33 66 66 66 33 33 33 66 66 66 33 33 33 66 66 66 33 33 66 66 66 66 33 33 33 66 66 66 33 33 66 66 66 66 33 33 33 66 66 66 33 33 66 66 66 66 33 33 66 66 66 33 33 33 66 66 66 66 33 33 
66 66 66 33 33 33 66 66 66 33 33 33 66 66 66 33 33 33 66 66 66 33 33 66 66 66 66 33 33 33 66 66 66 33 33 33 66 66 66 33 33 66 66 66 33 33 33 33 66 66 66 33 33 66 66 66 33 33 33 66 66 66 33 33 
33 66 66 66 33 33 33 66 66 66 33 33 33 66 66 66 33 33 33 66 66 66 33 33 33 66 66 66 33 33 66 66 66 66 33 33 33 66 66 66 33 33 66 66 66 66 33 33 66 66 66 33 33 33 66 66 66 66 33 33 66 66 66 33 
33 33 66 66 66 33 33 33 66 66 66 33 33 33 66 66 66 33 33 66 66 66 66 33 33 33 66 66 66 33 33 66 66 66 66 33 33 66 66 66 66 33 33 66 66 66 66 33 33 66 66 66 66 33 33 66 66 66 33 33 33 66 66 66 
33 33 33 66 66 66 33 33 33 66 66 66 33 33 33 66 66 66 33 33 33 66 66 66 33 33 66 66 66 66 33 33 33 66 66 66 33 33 66 66 66 66 33 33 33 66 66 66 33 33 66 66 66 66 33 33 66 66 66 33 33 33 66 66 
66 33 33 33 66 66 66 33 33 33 66 66 66 33 33 33 66 66 66 33 33 33 66 66 66 33 33 33 66 66 66 33 33 33 66 66 33 33 33 33 66 66 66 33 33 66 66 66 33 33 33 33 66 66 66 33 33 66 66 66 33 33 33 66 
66 66 33 33 33 66 66 66 33 33 33 66 66 66 33 33 33 66 66 66 33 33 66 66 66 66 33 33 33 66 66 66 33 33 66 66 66 66 33 33 33 66 66 66 33 33 66 66 66 66 33 33 66 66 66 33 33 33 66 66 66 66 33 33 
66 66 66 33 33 33 66 66 66 33 33 33 66 66 66 33 33 33 66 66 66 33 33 66 66 66 66 33 33 33 66 66 66 33 33 66 66 66 66 33 33 66 66 66 66 33 33 66 66 66 66 33 33 66 66 66 66 33 33 66 66 66 66 33 
33 66 66 66 33 33 33 66 66 66 33 33 33 66 66 66 33 33 33 66 66 66 33 33 33 66 66 66 33 33 66 66 66 66 33 33 33 66 66 66 33 33 66 66 66 66 33 33 33 66 66 66 33 33 66 66 66 66 33 33 66 66 66 33 
33 33 66 66 66 33 33 33 66 66 66 33 33 33 66 66 66 33 33 33 66 66 66 33 33 33 66 66 66 33 33 33 66 66 66 33 33 33 66 66 66 33 33 33 66 66 66 33 33 66 66 66 33 33 33 33 66 66 66 33 33 66 66 66 
33 33 33 66 66 66 33 33 33 66 66 66 33 33 33 66 66 66 33 33 33 66 66 66 33 33 33 66 66 66 33 33 33 66 66 66 33 33 66 66 66 66 33 33 33 66 66 66 33 33 66 66 66 66 33 33 66 66 66 33 33 33 66 66 
66 33 33 33 66 66 66 33 33 33 66 66 66 33 33 33 66 66 66 33 33 33 66 66 66 33 33 66 66 66 66 33 33 33 66 66 66 33 33 66 66 66 66 33 33 66 66 66 66 33 33 66 66 66 66 33 33 66 66 66 66 33 33 66 
66 66 33 33 33 66 66 66 33 33 33 66 66 66 33 33 33 66 66 66 33 33 33 66 66 66 33 33 33 66 66 66 33 33 66 66 66 66 33 33 33 66 66 66 33 33 66 66 66 66 33 33 33 66 66 66 33 33 66 66 66 66 33 33 
66 66 66 33 33 33 66 66 66 33 33 33 66 66 66 33 33 33 66 66 66 33 33 33 66 66 66 33 33 33 66 66 66 33 33 33 66 66 66 33 33 33 66 66 66 33 33 33 66 66 66 33 33 66 66 66 33 33 33 33 66 66 66 33 
33 66 66 66 33 33 33 66 66 66 33 33 33 66 66 66 33 33 33 66 66 66 33 33 33 66 66 66 33 33 33 66 66 66 33 33 33 66 66 66 33 33 66 66 66 66 33 33 33 66 66 66 33 33 66 66 66 66 33 33 66 66 66 33 
33 33 66 66 66 33 33 33 66 66 66 33 33 33 66 66 66 33 33 33 66 66 66 33 33 33 66 66 66 33 33 66 66 66 66 33 33 33 66 66 66 33 33 66 66 66 66 33 33 66 66 66 33 33 33 66 66 66 66 33 33 66 66 66 
33 33 33 66 66 66 33 33 33 66 66 66 33 33 33 66 66 66 33 33 33 66 66 66 33 33 33 66 66 66 33 33 33 66 66 66 33 33 66 66 66 66 33 33 33 66 66 66 33 33 66 66 66 66 33 33 33 66 66 66 33 33 66 66 
66 33 33 33 66 66 66 33 33 33 66 66 66 33 33 33 66 66 66 33 33 33 66 66 66 33 33 33 66 66 66 33 33 33 66 66 66 33 33 33 66 66 66 33 33 33 66 66 66 33 33 33 66 66 66 33 33 66 66 66 33 33 33 33 
66 66 66 33 33 66 66 66 33 33 33 66 66 66 33 33 33 66 66 66 33 33 33 66 66 66 33 33 33 66 66 66 33 33 33 66 66 66 33 33 33 66 66 66 33 33 66 66 66 66 33 33 33 66 66 66 33 33 66 66 66 66 33 33 
66 66 66 33 33 33 66 66 66 33 33 33 66 66 66 33 33 33 66 66 66 33 33 33 66 66 66 33 33 33 66 66 66 33 33 66 66 66 66 33 33 33 66 66 66 33 33 66 66 66 66 33 33 66 66 66 66 33 33 66 66 66 66 33 
33 66 66 66 33 33 33 66 66 66 33 33 33 66 66 66 33 33 33 66 66 66 33 33 33 66 66 66 33 33 33 66 66 66 33 33 33 66 66 66 33 33 66 66 66 66 33 33 33 66 66 66 33 33 66 66 66 66 33 33 33 66 66 33 
33 33 66 66 66 33 33 33 66 66 66 33 33 33 66 66 66 33 33 33 66 66 66 33 33 33 66 66 66 33 33 33 66 66 66 33 33 33 66 66 66 33 33 33 66 66 66 33 33 66 66 66 66 33 33 33 66 66 66 33 33 66 66 66 
33 33 33 66 66 66 33 33 33 66 66 66 33 33 33 66 66 66 33 33 33 66 66 66 33 33 33 66 66 66 33 33 33 66 66 66 33 33 33 66 66 66 33 33 33 66 66 66 33 33 66 66 66 66 33 33 33 66 66 66 33 33 66 66 
66 33 33 33 66 66 66 33 33 33 66 66 66 33 33 33 66 66 66 33 33 33 66 66 66 33 33 33 66 66 66 33 33 33 66 66 66 33 33 66 66 66 66 33 33 33 66 66 66 33 33 66 66 66 66 33 33 66 66 66 66 33 33 66 
66 66 33 33 33 66 66 66 33 33 33 66 66 66 33 33 33 66 66 66 33 33 33 66 66 66 33 33 33 66 66 66 33 33 33 66 66 66 33 33 33 66 66 66 33 33 66 66 66 66 33 33 33 66 66 66 33 33 66 66 66 66 33 33 
66 66 66 66 33 33 66 66 66 33 33 33 66 66 66 33 33 33 66 66 66 33 33 33 66 66 66 33 33 33 66 66 66 33 33 33 66 66 66 33 33 33 66 66 66 33 33 33 66 66 66 33 33 33 66 66 66 33 33 33 66 66 66 33 
33 66 66 66 33 33 33 66 66 66 66 33 33 66 66 66 33 33 33 66 66 66 33 33 33 66 66 66 33 33 33 66 66 66 33 33 33 66 66 66 33 33 33 66 66 66 33 33 33 66 66 66 33 33 66 66 66 66 33 33 33 66 66 66 
33 33 66 66 66 33 33 33 66 66 66 33 33 33 66 66 66 33 33 33 66 66 66 33 33 33 66 66 66 33 33 33 66 66 66 33 33 33 66 66 66 33 33 66 66 66 66 33 33 33 66 66 66 33 33 66 66 66 66 33 33 66 66 66 
33 33 33 66 66 66 33 33 33 66 66 66 33 33 33 66 66 66 33 33 33 66 66 66 33 33 33 66 66 66 33 33 33 66 66 66 33 33 33 66 66 66 33 33 33 66 66 66 33 33 66 66 66 66 33 33 33 66 66 66 33 33 66 66 
66 33 33 33 66 66 66 66 33 33 66 66 66 33 33 33 66 66 66 33 33 33 66 66 66 33 33 33 66 66 66 33 33 33 66 66 66 33 33 33 66 66 66 33 33 33 66 66 66 33 33 33 66 66 66 33 33 33 66 66 66 33 33 33 
66 66 33 33 33 66 66 66 33 33 33 66 66 66 66 33 33 66 66 66 33 33 33 66 66 66 33 33 33 66 66 66 33 33 33 66 66 66 33 33 33 66 66 66 33 33 33 66 66 66 33 33 33 66 66 66 33 33 66 66 66 66 33 33 
66 66 66 66 33 33 66 66 66 33 33 33 66 66 66 33 33 33 66 66 66 33 33 33 66 66 66 33 33 33 66 66 66 33 33 33 66 66 66 33 33 33 66 66 66 33 33 66 66 66 66 33 33 33 66 66 66 33 33 66 66 66 66 33 
33 66 66 66 33 33 33 66 66 66 33 33 33 66 66 66 33 33 33 66 66 66 33 33 33 66 66 66 33 33 33 66 66 66 33 33 33 66 66 66 33 33 33 66 66 66 33 33 33 66 66 66 33 33 66 66 66 66 33 33 33 66 66 66 
33 33 66 66 66 33 33 33 66 66 66 33 33 33 66 66 66 33 33 33 66 66 66 33 33 33 66 66 66 33 33 33 66 66 66 33 33 33 66 66 66 33 33 33 66 66 66 33 33 33 66 66 66 33 33 33 66 66 66 33 33 33 66 66 
66 33 33 66 66 66 66 33 33 66 66 66 33 33 33 66 66 66 66 33 33 66 66 66 33 33 33 66 66 66 33 33 33 66 66 66 33 33 33 66 66 66 33 33 33 66 66 66 33 33 66 66 66 66 33 33 33 66 66 66 33 33 66 66 
66 33 33 33 66 66 66 66 33 33 66 66 66 33 33 33 66 66 66 33 33 33 66 66 66 33 33 33 66 66 66 33 33 33 66 66 66 33 33 66 66 66 66 33 33 33 66 66 66 33 33 66 66 66 66 33 33 33 66 66 66 33 33 66 
66 66 33 33 33 66 66 66 33 33 33 66 66 66 33 33 33 66 66 66 33 33 33 66 66 66 33 33 33 66 66 66 33 33 33 66 66 66 33 33 33 66 66 66 33 33 33 66 66 66 33 33 33 66 66 66 33 33 66 66 66 66 33 33 
66 66 66 66 33 33 66 66 66 33 33 33 66 66 66 66 33 33 66 66 66 33 33 33 66 66 66 33 33 33 66 66 66 33 33 33 66 66 66 33 33 33 66 66 66 33 33 66 66 66 66 33 33 33 66 66 66 33 33 33 66 66 66 33 
33 66 66 66 66 33 33 66 66 66 66 33 33 66 66 66 33 33 33 66 66 66 66 33 33 66 66 66 33 33 33 66 66 66 33 33 33 66 66 66 33 33 33 66 66 66 33 33 33 66 66 66 33 33 33 66 66 66 33 33 33 66 66 66 
33 33 66 66 66 33 33 33 66 66 66 66 33 33 66 66 66 33 33 33 66 66 66 33 33 33 66 66 66 33 33 33 66 66 66 33 33 33 66 66 66 33 33 33 66 66 66 33 33 33 66 66 66 33 33 66 66 66 66 33 33 33 66 66 
66 33 33 66 66 66 33 33 33 66 66 66 33 33 33 66 66 66 33 33 33 66 66 66 33 33 33 66 66 66 33 33 33 66 66 66 33 33 33 66 66 66 33 33 33 66 66 66 33 33 33 66 66 66 33 33 33 66 66 66 33 33 66 66 
66 33 33 33 66 66 66 66 33 33 66 66 66 33 33 33 66 66 66 66 33 33 66 66 66 33 33 33 66 66 66 33 33 33 66 66 66 33 33 33 66 66 66 33 33 33 66 66 66 33 33 33 66 66 66 33 33 33 66 66 66 33 33 33 
66 66 33 33 33 66 66 66 66 33 33 66 66 66 66 33 33 66 66 66 33 33 33 66 66 66 66 33 33 66 66 66 33 33 33 66 66 66 33 33 33 66 66 66 33 33 33 66 66 66 33 33 33 66 66 66 33 33 33 66 66 66 33 33 
66 66 66 66 33 33 66 66 66 33 33 33 66 66 66 66 33 33 66 66 66 33 33 33 66 66 66 33 33 33 66 66 66 33 33 33 66 66 66 33 33 33 66 66 66 33 33 33 66 66 66 33 33 33 66 66 66 33 33 66 66 66 66 33 
33 33 66 66 66 33 33 66 66 66 33 33 33 66 66 66 33 33 33 66 66 66 33 33 33 66 66 66 33 33 33 66 66 66 33 33 33 66 66 66 33 33 33 66 66 66 33 33 33 66 66 66 33 33 33 66 66 66 33 33 33 66 66 66 
33 33 66 66 66 33 33 33 66 66 66 66 33 33 66 66 66 33 33 33 66 66 66 66 33 33 66 66 66 33 33 33 66 66 66 33 33 33 66 66 66 33 33 33 66 66 66 33 33 33 66 66 66 33 33 66 66 66 66 33 33 33 66 66 
66 33 33 66 66 66 66 33 33 66 66 66 66 33 33 66 66 66 66 33 33 66 66 66 33 33 33 66 66 66 66 33 33 66 66 66 33 33 33 66 66 66 33 33 33 66 66 66 33 33 33 66 66 66 33 33 33 66 66 66 33 33 33 66 
66 66 33 33 66 66 66 66 33 33 66 66 66 33 33 33 66 66 66 66 33 33 66 66 66 33 33 33 66 66 66 33 33 33 66 66 66 33 33 33 66 66 66 33 33 33 66 66 66 33 33 33 66 66 66 33 33 33 66 66 66 33 33 66 
66 66 33 33 33 33 66 66 66 33 33 66 66 66 33 33 33 66 66 66 33 33 33 66 66 66 33 33 33 66 66 66 33 33 33 66 66 66 33 33 33 66 66 66 33 33 33 66 66 66 33 33 33 66 66 66 33 33 33 66 66 66 33 33 
66 66 66 66 33 33 66 66 66 33 33 33 66 66 66 66 33 33 66 66 66 33 33 33 66 66 66 66 33 33 66 66 66 33 33 33 66 66 66 33 33 33 66 66 66 33 33 33 66 66 66 33 33 33 66 66 66 33 33 33 66 66 66 33 
33 66 66 66 66 33 33 66 66 66 66 33 33 66 66 66 66 33 33 66 66 66 66 33 33 66 66 66 33 33 33 66 66 66 66 33 33 66 66 66 33 33 33 66 66 66 33 33 33 66 66 66 33 33 33 66 66 66 33 33 33 66 66 66 
33 33 33 66 66 66 33 33 66 66 66 66 33 33 66 66 66 33 33 33 66 66 66 66 33 33 66 66 66 33 33 33 66 66 66 33 33 33 66 66 66 33 33 33 66 66 66 33 33 33 66 66 66 33 33 33 66 66 66 33 33 33 66 66 
66 33 33 66 66 66 33 33 33 33 66 66 66 33 33 66 66 66 33 33 33 66 66 66 33 33 33 66 66 66 33 33 33 66 66 66 33 33 33 66 66 66 33 33 33 66 66 66 33 33 33 66 66 66 33 33 33 66 66 66 33 33 33 66 
66 66 33 33 66 66 66 66 33 33 66 66 66 33 33 33 66 66 66 66 33 33 66 66 66 33 33 33 66 66 66 33 33 33 66 66 66 33 33 33 66 66 66 33 33 33 66 66 66 33 33 33 66 66 66 33 33 33 66 66 66 33 33 33 
66 66 66 33 33 66 66 66 66 33 33 66 66 66 66 33 33 66 66 66 66 33 33 66 66 66 66 33 33 66 66 66 33 33 33 66 66 66 66 33 33 66 66 66 33 33 33 66 66 66 33 33 33 66 66 66 33 33 33 66 66 66 33 33 
66 66 66 66 33 33 33 66 66 66 33 33 66 66 66 66 33 33 66 66 66 33 33 33 66 66 66 66 33 33 66 66 66 33 33 33 66 66 66 33 33 33 66 66 66 33 33 33 66 66 66 33 33 33 66 66 66 33 33 33 66 66 66 33 
33 33 66 66 66 33 33 66 66 66 33 33 33 33 66 66 66 33 33 66 66 66 33 33 33 66 66 66 33 33 33 66 66 66 33 33 33 66 66 66 33 33 33 66 66 66 33 33 33 66 66 66 33 33 33 66 66 66 33 33 33 66 66 66 
33 33 33 66 66 66 33 33 66 66 66 66 33 33 66 66 66 33 33 33 66 66 66 66 33 33 66 66 66 33 33 33 66 66 66 66 33 33 66 66 66 33 33 33 66 66 66 33 33 33 66 66 66 33 33 33 66 66 66 33 33 33 66 66 
66 33 33 66 66 66 66 33 33 66 66 66 66 33 33 66 66 66 66 33 33 66 66 66 66 33 33 66 66 66 66 33 33 66 66 66 33 33 33 66 66 66 33 33 33 66 66 66 33 33 33 66 66 66 33 33 33 66 66 66 33 33 33 66 
66 66 33 33 66 66 66 66 33 33 33 66 66 66 33 33 66 66 66 66 33 33 66 66 66 33 33 33 66 66 66 66 33 33 66 66 66 33 33 33 66 66 66 33 33 33 66 66 66 33 33 33 66 66 66 33 33 33 66 66 66 33 33 33 
66 66 66 33 33 33 66 66 66 33 33 66 66 66 33 33 33 33 66 66 66 33 33 66 66 66 33 33 33 66 66 66 33 33 33 66 66 66 33 33 33 66 66 66 33 33 33 66 66 66 33 33 33 66 66 66 33 33 33 66 66 66 33 33 
66 66 66 66 33 33 33 66 66 66 33 33 66 66 66 66 33 33 66 66 66 33 33 33 66 66 66 66 33 33 66 66 66 33 33 33 66 66 66 66 33 33 66 66 66 33 33 33 66 66 66 33 33 33 66 66 66 33 33 33 66 66 66 33 
33 66 66 66 66 33 33 66 66 66 33 33 33 66 66 66 66 33 33 66 66 66 66 33 33 66 66 66 33 33 33 66 66 66 66 33 33 66 66 66 33 33 33 66 66 66 66 33 33 66 66 66 33 33 33 66 66 66 33 33 33 66 66 66 
33 33 33 66 66 66 33 33 66 66 66 66 33 33 33 66 66 66 33 33 66 66 66 66 33 33 66 66 66 33 33 33 66 66 66 66 33 33 66 66 66 33 33 33 66 66 66 33 33 33 66 66 66 33 33 33 66 66 66 33 33 33 66 66 
66 33 33 33 66 66 66 33 33 33 66 66 66 33 33 66 66 66 33 33 33 33 66 66 66 33 33 66 66 66 33 33 33 66 66 66 33 33 33 66 66 66 33 33 33 66 66 66 33 33 33 66 66 66 33 33 33 66 66 66 33 33 33 66 
66 66 33 33 66 66 66 66 33 33 33 66 66 66 33 33 66 66 66 66 33 33 66 66 66 33 33 33 66 66 66 66 33 33 66 66 66 33 33 33 66 66 66 66 33 33 66 66 66 33 33 33 66 66 66 33 33 33 66 66 66 33 33 33 
66 66 66 33 33 66 66 66 66 33 33 66 66 66 66 33 33 66 66 66 66 33 33 66 66 66 66 33 33 66 66 66 33 33 33 66 66 66 66 33 33 66 66 66 33 33 33 66 66 66 66 33 33 66 66 66 33 33 33 66 66 66 33 33 
66 66 66 66 33 33 33 66 66 66 33 33 66 66 66 66 33 33 33 66 66 66 33 33 66 66 66 66 33 33 66 66 66 33 33 33 66 66 66 66 33 33 66 66 66 33 33 33 66 66 66 33 33 33 66 66 66 33 33 33 66 66 66 33 
33 33 66 66 66 33 33 33 66 66 66 33 33 33 66 66 66 33 33 66 66 66 33 33 33 33 66 66 66 33 33 66 66 66 33 33 33 66 66 66 33 33 33 66 66 66 33 33 33 66 66 66 33 33 33 66 66 66 33 33 33 66 66 66 
33 33 33 66 66 66 33 33 66 66 66 66 33 33 33 66 66 66 33 33 66 66 66 66 33 33 66 66 66 33 33 33 66 66 66 66 33 33 66 66 66 33 33 33 66 66 66 66 33 33 66 66 66 33 33 33 66 66 66 33 33 33 66 66 
66 33 33 33 66 66 66 33 33 66 66 66 66 33 33 66 66 66 66 33 33 66 66 66 66 33 33 66 66 66 33 33 33 66 66 66 66 33 33 66 66 66 66 33 33 66 66 66 33 33 33 66 66 66 66 33 33 66 66 66 33 33 33 66 
66 66 33 33 66 66 66 66 33 33 33 66 66 66 33 33 66 66 66 66 33 33 33 66 66 66 33 33 66 66 66 66 33 33 66 66 66 33 33 33 66 66 66 66 33 33 66 66 66 33 33 33 66 66 66 33 33 33 66 66 66 33 33 33 
66 66 66 33 33 33 66 66 66 33 33 33 66 66 66 33 33 33 66 66 66 33 33 66 66 66 33 33 33 33 66 66 66 33 33 66 66 66 33 33 33 66 66 66 33 33 33 66 66 66 33 33 33 66 66 66 33 33 33 66 66 66 33 33 
33 66 66 66 33 33 33 66 66 66 33 33 66 66 66 66 33 33 33 66 66 66 33 33 66 66 66 66 33 33 66 66 66 33 33 33 66 66 66 66 33 33 66 66 66 33 33 33 66 66 66 66 33 33 66 66 66 33 33 33 66 66 66 33 
33 66 66 66 66 33 33 33 66 66 66 33 33 66 66 66 66 33 33 66 66 66 66 33 33 66 66 66 66 33 33 66 66 66 66 33 33 66 66 66 66 33 33 66 66 66 66 33 33 66 66 66 33 33 33 66 66 66 66 33 33 66 66 66 
33 33 33 66 66 66 33 33 66 66 66 66 33 33 33 66 66 66 33 33 66 66 66 66 33 33 33 66 66 66 33 33 66 66 66 66 33 33 66 66 66 33 33 33 66 66 66 66 33 33 66 66 66 33 33 33 66 66 66 33 33 33 66 66 
66 33 33 33 66 66 66 33 33 33 66 66 66 33 33 33 66 66 66 33 33 33 66 66 66 33 33 66 66 66 33 33 33 33 66 66 66 33 33 66 66 66 33 33 33 66 66 66 33 33 33 66 66 66 33 33 33 66 66 66 33 33 33 66 
66 66 33 33 33 66 66 66 33 33 33 66 66 66 33 33 66 66 66 66 33 33 33 66 66 66 33 33 66 66 66 66 33 33 66 66 66 33 33 33 66 66 66 66 33 33 66 66 66 33 33 33 66 66 66 66 33 33 66 66 66 33 33 33 
66 66 66 33 33 66 66 66 66 33 33 33 66 66 66 33 33 66 66 66 66 33 33 66 66 66 33 33 33 66 66 66 66 33 33 66 66 66 66 33 33 66 66 66 66 33 33 66 66 66 66 33 33 66 66 66 33 33 33 66 66 66 66 33 
33 66 66 66 33 33 33 66 66 66 33 33 66 66 66 66 33 33 33 66 66 66 33 33 66 66 66 66 33 33 33 66 66 33 33 33 66 66 66 66 33 33 66 66 66 33 33 33 66 66 66 66 33 33 66 66 66 33 33 33 66 66 66 33 
33 33 66 66 66 33 33 33 66 66 66 33 33 33 66 66 66 33 33 66 66 66 33 33 33 33 66 66 66 33 33 66 66 66 33 33 33 33 66 66 66 33 33 66 66 66 33 33 33 66 66 66 33 33 33 66 66 66 33 33 33 66 66 66 
33 33 33 66 66 66 33 33 66 66 66 66 33 33 33 66 66 66 33 33 66 66 66 66 33 33 33 66 66 66 33 33 66 66 66 66 33 33 66 66 66 33 33 33 66 66 66 66 33 33 66 66 66 33 33 33 66 66 66 66 33 33 66 66 
66 33 33 33 66 66 66 33 33 66 66 66 66 33 33 33 66 66 66 33 33 66 66 66 66 33 33 66 66 66 66 33 33 66 66 66 66 33 33 66 66 66 66 33 33 66 66 66 66 33 33 66 66 66 66 33 33 66 66 66 33 33 33 66 
66 66 33 33 33 66 66 66 33 33 33 66 66 66 33 33 66 66 66 66 33 33 33 66 66 66 33 33 66 66 66 66 33 33 33 66 66 66 33 33 66 66 66 66 33 33 66 66 66 33 33 33 66 66 66 66 33 33 66 66 66 33 33 33 
66 66 66 33 33 33 66 66 66 33 33 33 66 66 66 33 33 33 66 66 66 33 33 33 66 66 66 33 33 33 66 66 66 33 33 66 66 66 33 33 33 33 66 66 66 33 33 66 66 66 33 33 33 66 66 66 33 33 33 66 66 66 33 33 
33 66 66 66 33 33 33 66 66 66 33 33 33 66 66 66 33 33 33 66 66 66 33 33 66 66 66 66 33 33 33 66 66 66 33 33 66 66 66 66 33 33 66 66 66 33 33 33 66 66 66 66 33 33 66 66 66 33 33 33 66 66 66 66 
33 33 66 66 66 33 33 33 66 66 66 33 33 66 66 66 66 33 33 33 66 66 66 33 33 66 66 66 66 33 33 66 66 66 66 33 33 66 66 66 66 33 33 66 66 66 66 33 33 66 66 66 66 33 33 66 66 66 66 33 33 66 66 66 
33 33 33 66 66 66 33 33 33 66 66 66 33 33 33 66 66 66 33 33 66 66 66 66 33 33 33 66 66 66 33 33 66 66 66 66 33 33 33 66 66 66 33 33 66 66 66 66 33 33 66 66 66 33 33 33 66 66 66 66 33 33 66 66 
66 33 33 33 66 66 66 33 33 33 66 66 66 33 33 33 66 66 66 33 33 33 66 66 66 33 33 33 66 66 66 33 33 33 66 66 66 33 33 66 66 66 33 33 33 33 66 66 66 33 33 66 66 66 33 33 33 66 66 66 33 33 33 66 
66 66 33 33 33 66 66 66 33 33 33 66 66 66 33 33 33 66 66 66 33 33 33 66 66 66 33 33 66 66 66 66 33 33 33 66 66 66 33 33 66 66 66 66 33 33 66 66 66 33 33 33 66 66 66 66 33 33 66 66 66 33 33 33 
66 66 66 33 33 33 66 66 66 33 33 33 66 66 66 33 33 66 66 66 66 33 33 33 66 66 66 33 33 66 66 66 66 33 33 66 66 66 66 33 33 66 66 66 66 33 33 66 66 66 66 33 33 66 66 66 66 33 33 66 66 66 66 33 
33 66 66 66 33 33 33 66 66 66 33 33 33 66 66 66 33 33 33 66 66 66 33 33 66 66 66 66 33 33 33 66 66 66 33 33 66 66 66 66 33 33 33 66 66 66 33 33 66 66 66 66 33 33 66 66 66 33 33 33 66 66 66 66 
33 33 66 66 66 33 33 33 66 66 66 33 33 33 66 66 66 33 33 33 66 66 66 33 33 33 66 66 66 33 33 33 66 66 66 33 33 33 66 66 66 33 33 66 66 66 33 33 33 66 66 66 66 33 33 66 66 66 33 33 33 66 66 66 
33 33 33 66 66 66 33 33 33 66 66 66 33 33 33 66 66 66 33 33 33 66 66 66 33 33 33 66 66 66 33 33 66 66 66 66 33 33 33 66 66 66 33 33 66 66 66 66 33 33 66 66 66 33 33 33 66 66 66 66 33 33 66 66 
66 33 33 33 66 66 66 33 33 33 66 66 66 33 33 33 66 66 66 33 33 66 66 66 66 33 33 33 66 66 66 33 33 66 66 66 66 33 33 66 66 66 66 33 33 66 66 66 66 33 33 66 66 66 66 33 33 66 66 66 66 33 33 66 
66 66 33 33 33 66 66 66 33 33 33 66 66 66 33 33 33 66 66 66 33 33 33 66 66 66 33 33 66 66 66 66 33 33 33 66 66 66 33 33 66 66 66 66 33 33 33 66 66 66 33 33 66 66 66 66 33 33 66 66 66 33 33 33 
66 66 66 33 33 33 66 66 66 33 33 33 66 66 66 33 33 66 66 66 66 33 33 33 66 66 66 33 33 33 66 66 66 33 33 33 66 66 66 33 33 33 66 66 66 33 33 66 66 66 33 33 33 33 66 66 66 33 33 66 66 66 33 33 
33 66 66 66 33 33 33 66 66 66 33 33 33 66 66 66 33 33 33 66 66 66 33 33 33 66 66 66 33 33 33 66 66 66 33 33 66 66 66 66 33 33 33 66 66 66 33 33 66 66 66 66 33 33 66 66 66 33 33 33 66 66 66 66 
33 33 66 66 66 33 33 33 66 66 66 33 33 66 66 66 66 33 33 33 66 66 66 33 33 66 66 66 66 33 33 33 66 66 66 33 33 66 66 66 66 33 33 66 66 66 66 33 33 66 66 66 66 33 33 66 66 66 66 33 33 66 66 66 
33 33 33 66 66 66 33 33 33 66 66 66 33 33 33 66 66 66 33 33 33 66 66 66 33 33 33 66 66 66 33 33 66 66 66 66 33 33 33 66 66 66 33 33 66 66 66 66 33 33 33 66 66 66 33 33 66 66 66 66 33 33 66 66 
66 33 33 33 66 66 66 33 33 33 66 66 66 33 33 33 66 66 66 33 33 33 66 66 66 33 33 33 66 66 66 33 33 33 66 66 66 33 33 33 66 66 66 33 33 33 66 66 66 33 33 66 66 66 33 33 33 33 66 66 66 33 33 66 
66 66 33 33 33 66 66 66 33 33 33 66 66 66 33 33 33 66 66 66 33 33 33 66 66 66 33 33 33 66 66 66 33 33 33 66 66 66 33 33 66 66 66 66 33 33 33 66 66 66 33 33 66 66 66 66 33 33 66 66 66 33 33 33 
66 66 66 33 33 33 66 66 66 33 33 33 66 66 66 33 33 33 66 66 66 33 33 33 66 66 66 33 33 66 66 66 66 33 33 33 66 66 66 33 33 66 66 66 66 33 33 66 66 66 66 33 33 66 66 66 66 33 33 66 66 66 66 33 
33 66 66 66 33 33 33 66 66 66 33 33 33 66 66 66 33 33 33 66 66 66 33 33 33 66 66 66 33 33 33 66 66 66 33 33 66 66 66 66 33 33 33 66 66 66 33 33 66 66 66 66 33 33 33 66 66 66 33 33 66 66 66 66 
33 33 66 66 66 33 33 33 66 66 66 33 33 33 66 66 66 33 33 33 66 66 66 33 33 33 66 66 66 33 33 33 66 66 66 33 33 33 66 66 66 33 33 33 66 66 66 33 33 33 66 66 66 33 33 66 66 66 33 33 33 33 66 66 
66 33 33 66 66 66 33 33 33 66 66 66 33 33 33 66 66 66 33 33 33 66 66 66 33 33 33 66 66 66 33 33 33 66 66 66 33 33 33 66 66 66 33 33 66 66 66 66 33 33 33 66 66 66 33 33 66 66 66 66 33 33 66 66 
66 33 33 33 66 66 66 33 33 33 66 66 66 33 33 33 66 66 66 33 33 33 66 66 66 33 33 33 66 66 66 33 33 66 66 66 66 33 33 33 66 66 66 33 33 66 66 66 66 33 33 66 66 66 66 33 33 66 66 66 66 33 33 66 
66 66 33 33 33 66 66 66 33 33 33 66 66 66 33 33 33 66 66 66 33 33 33 66 66 66 33 33 33 66 66 66 33 33 33 66 66 66 33 33 66 66 66 66 33 33 33 66 66 66 33 33 66 66 66 66 33 33 33 66 66 66 33 33 
66 66 66 33 33 33 66 66 66 33 33 33 66 66 66 33 33 33 66 66 66 33 33 33 66 66 66 33 33 33 66 66 66 33 33 33 66 66 66 33 33 33 66 66 66 33 33 33 66 66 66 33 33 33 66 66 66 33 33 66 66 66 33 33 
33 66 66 66 66 33 33 66 66 66 33 33 33 66 66 66 33 33 33 66 66 66 33 33 33 66 66 66 33 33 33 66 66 66 33 33 33 66 66 66 33 33 33 66 66 66 33 33 66 66 66 66 33 33 33 66 66 66 33 33 66 66 66 66 
33 33 66 66 66 33 33 33 66 66 66 33 33 33 66 66 66 33 33 33 66 66 66 33 33 33 66 66 66 33 33 33 66 66 66 33 33 66 66 66 66 33 33 33 66 66 66 33 33 66 66 66 66 33 33 66 66 66 66 33 33 66 66 66 
33 33 33 66 66 66 33 33 33 66 66 66 33 33 33 66 66 66 33 33 33 66 66 66 33 33 33 66 66 66 33 33 33 66 66 66 33 33 33 66 66 66 33 33 66 66 66 66 33 33 33 66 66 66 33 33 66 66 66 66 33 33 33 66 
66 33 33 33 66 66 66 33 33 33 66 66 66 33 33 33 66 66 66 33 33 33 66 66 66 33 33 33 66 66 66 33 33 33 66 66 66 33 33 33 66 66 66 33 33 33 66 66 66 33 33 33 66 66 66 33 33 33 66 66 66 33 33 66 
66 66 33 33 33 66 66 66 66 33 33 66 66 66 33 33 33 66 66 66 33 33 33 66 66 66 33 33 33 66 66 66 33 33 33 66 66 66 33 33 33 66 66 66 33 33 33 66 66 66 33 33 66 66 66 66 33 33 33 66 66 66 33 33 
66 66 66 33 33 33 66 66 66 33 33 33 66 66 66 33 33 33 66 66 66 33 33 33 66 66 66 33 33 33 66 66 66 33 33 33 66 66 66 33 33 66 66 66 66 33 33 33 66 66 66 33 33 66 66 66 66 33 33 66 66 66 66 33 
33 66 66 66 33 33 33 66 66 66 33 33 33 66 66 66 33 33 33 66 66 66 33 33 33 66 66 66 33 33 33 66 66 66 33 33 33 66 66 66 33 33 33 66 66 66 33 33 66 66 66 66 33 33 33 66 66 66 33 33 66 66 66 66 
33 33 66 66 66 66 33 33 66 66 66 33 33 33 66 66 66 33 33 33 66 66 66 33 33 33 66 66 66 33 33 33 66 66 66 33 33 33 66 66 66 33 33 33 66 66 66 33 33 33 66 66 66 33 33 66 66 66 33 33 33 33 66 66 
66 33 33 66 66 66 33 33 33 66 66 66 66 33 33 66 66 66 33 33 33 66 66 66 33 33 33 66 66 66 33 33 33 66 66 66 33 33 33 66 66 66 33 33 33 66 66 66 33 33 33 66 66 66 33 33 66 66 66 66 33 33 33 66 
66 66 33 33 66 66 66 33 33 33 66 66 66 33 33 33 66 66 66 33 33 33 66 66 66 33 33 33 66 66 66 33 33 33 66 66 66 33 33 33 66 66 66 33 33 66 66 66 66 33 33 33 66 66 66 33 33 66 66 66 66 33 33 66 
66 66 33 33 33 66 66 66 33 33 33 66 66 66 33 33 33 66 66 66 33 33 33 66 66 66 33 33 33 66 66 66 33 33 33 66 66 66 33 33 33 66 66 66 33 33 33 66 66 66 33 33 66 66 66 66 33 33 33 66 66 66 33 33 
