3003 66 264 33 33 33 66 66 66 33 33 33 66 66 66 66 33 33 66 66 66 33 33 33 66 66 66 33 33 33 66 66 66 33 33 33 66 66 66 33 33 33 66 66 66 33 33 33 66 66 66 33 33 33 66 66 66 33 33 66 66 66 66 33 
66 66 66 33 33 33 66 66 66 66 33 33 66 66 66 33 33 33 66 66 66 66 33 33 66 66 66 33 33 33 66 66 66 33 33 33 66 66 66 33 33 33 66 66 66 33 33 33 66 66 66 33 33 33 66 66 66 33 33 33 66 66 66 33 
33 66 66 66 33 33 66 66 66 66 33 33 33 66 66 66 33 33 66 66 66 66 33 33 66 66 66 33 33 33 66 66 66 66 33 33 66 66 66 33 33 33 66 66 66 66 33 33 66 66 66 33 33 33 66 66 66 33 33 33 66 66 66 33 
33 66 66 66 66 33 33 66 66 66 33 33 33 66 66 66 33 33 33 66 66 66 33 33 33 66 66 66 33 33 33 66 66 66 33 33 33 66 66 66 33 33 33 66 66 66 33 33 66 66 66 66 33 33 33 66 66 66 33 33 66 66 66 66 
33 33 66 66 66 33 33 33 66 66 66 33 33 33 66 66 66 33 33 33 66 66 66 33 33 33 66 66 66 33 33 33 66 66 66 33 33 66 66 66 66 33 33 33 66 66 66 33 33 66 66 66 66 33 33 66 66 66 33 33 33 66 66 66 
33 33 33 66 66 66 33 33 66 66 66 66 33 33 33 66 66 66 33 33 66 66 66 66 33 33 66 66 66 33 33 33 66 66 66 66 33 33 66 66 66 33 33 33 66 66 66 33 33 33 66 66 66 33 33 33 66 66 66 33 33 33 66 66 
66 33 33 33 66 66 66 33 33 66 66 66 66 33 33 66 66 66 33 33 33 66 66 66 66 33 33 66 66 66 33 33 33 66 66 66 33 33 33 66 66 66 33 33 33 66 66 66 33 33 33 66 66 66 33 33 33 66 66 66 33 33 33 66 
66 66 33 33 66 66 66 33 33 33 66 66 66 66 33 33 66 66 66 33 33 33 66 66 66 33 33 33 66 66 66 33 33 33 66 66 66 33 33 33 66 66 66 33 33 33 66 66 66 33 33 33 66 66 66 33 33 33 66 66 66 33 33 33 
66 66 66 33 33 66 66 66 66 33 33 66 66 66 33 33 33 66 66 66 66 33 33 66 66 66 33 33 33 66 66 66 66 33 33 66 66 66 33 33 33 66 66 66 33 33 33 66 66 66 33 33 33 66 66 66 33 33 33 66 66 66 33 33 
66 66 66 33 33 33 66 66 66 66 33 33 66 66 66 33 33 33 66 66 66 66 33 33 66 66 66 33 33 33 66 66 66 33 33 33 66 66 66 33 33 33 66 66 66 33 33 33 66 66 66 33 33 33 66 66 66 33 33 33 66 66 66 33 
33 66 66 66 66 33 33 33 66 66 66 33 33 66 66 66 66 33 33 66 66 66 33 33 33 66 66 66 66 33 33 66 66 66 33 33 33 66 66 66 33 33 33 66 66 66 33 33 33 66 66 66 33 33 33 66 66 66 33 33 33 66 66 66 
33 33 66 66 66 66 33 33 66 66 66 33 33 33 66 66 66 66 33 33 66 66 66 33 33 33 66 66 66 33 33 33 66 66 66 33 33 33 66 66 66 33 33 33 66 66 66 33 33 33 66 66 66 33 33 33 66 66 66 33 33 33 66 66 
66 33 33 33 66 66 66 33 33 66 66 66 66 33 33 66 66 66 33 33 33 66 66 66 66 33 33 66 66 66 33 33 33 66 66 66 66 33 33 66 66 66 33 33 33 66 66 66 33 33 33 66 66 66 33 33 33 66 66 66 33 33 33 66 
66 66 33 33 66 66 66 33 33 33 66 66 66 66 33 33 66 66 66 33 33 33 66 66 66 66 33 33 66 66 66 33 33 33 66 66 66 33 33 33 66 66 66 33 33 33 66 66 66 33 33 33 66 66 66 33 33 33 66 66 66 33 33 33 
66 66 66 33 33 66 66 66 66 33 33 33 66 66 66 33 33 66 66 66 66 33 33 66 66 66 33 33 33 66 66 66 66 33 33 66 66 66 33 33 33 66 66 66 33 33 33 66 66 66 33 33 33 66 66 66 33 33 33 66 66 66 33 33 
33 66 66 66 33 33 66 66 66 66 33 33 66 66 66 33 33 33 66 66 66 66 33 33 66 66 66 33 33 33 66 66 66 33 33 33 66 66 66 33 33 33 66 66 66 33 33 33 66 66 66 33 33 33 66 66 66 33 33 33 66 66 66 33 
33 66 66 66 66 33 33 33 66 66 66 33 33 66 66 66 66 33 33 66 66 66 33 33 33 66 66 66 66 33 33 66 66 66 33 33 33 66 66 66 66 33 33 66 66 66 33 33 33 66 66 66 33 33 33 66 66 66 33 33 33 66 66 66 
33 33 66 66 66 66 33 33 66 66 66 33 33 33 66 66 66 66 33 33 66 66 66 33 33 33 66 66 66 66 33 33 66 66 66 33 33 33 66 66 66 33 33 33 66 66 66 33 33 33 66 66 66 33 33 33 66 66 66 33 33 33 66 66 
66 33 33 33 66 66 66 33 33 66 66 66 66 33 33 33 66 66 66 33 33 66 66 66 66 33 33 66 66 66 33 33 33 66 66 66 66 33 33 66 66 66 33 33 33 66 66 66 33 33 33 66 66 66 33 33 33 66 66 66 33 33 33 66 
66 66 33 33 33 66 66 66 33 33 66 66 66 66 33 33 66 66 66 33 33 33 66 66 66 66 33 33 66 66 66 33 33 33 66 66 66 33 33 33 66 66 66 33 33 33 66 66 66 33 33 33 66 66 66 33 33 33 66 66 66 33 33 33 
66 66 66 33 33 66 66 66 66 33 33 33 66 66 66 33 33 66 66 66 66 33 33 66 66 66 33 33 33 66 66 66 66 33 33 66 66 66 33 33 33 66 66 66 66 33 33 66 66 66 33 33 33 66 66 66 33 33 33 66 66 66 33 33 
33 66 66 66 33 33 66 66 66 66 33 33 66 66 66 33 33 33 66 66 66 66 33 33 66 66 66 33 33 33 66 66 66 66 33 33 66 66 66 33 33 33 66 66 66 33 33 33 66 66 66 33 33 33 66 66 66 33 33 33 66 66 66 33 
33 66 66 66 66 33 33 33 66 66 66 33 33 66 66 66 66 33 33 33 66 66 66 33 33 66 66 66 66 33 33 66 66 66 33 33 33 66 66 66 66 33 33 66 66 66 33 33 33 66 66 66 33 33 33 66 66 66 33 33 33 66 66 66 
33 33 66 66 66 66 33 33 33 66 66 66 33 33 66 66 66 66 33 33 66 66 66 33 33 33 66 66 66 66 33 33 66 66 66 33 33 33 66 66 66 33 33 33 66 66 66 33 33 33 66 66 66 33 33 33 66 66 66 33 33 33 66 66 
66 33 33 33 66 66 66 33 33 66 66 66 66 33 33 33 66 66 66 33 33 66 66 66 66 33 33 66 66 66 33 33 33 66 66 66 66 33 33 66 66 66 33 33 33 66 66 66 66 33 33 66 66 66 33 33 33 66 66 66 33 33 33 66 
66 66 33 33 33 66 66 66 33 33 66 66 66 66 33 33 66 66 66 33 33 33 66 66 66 66 33 33 66 66 66 33 33 33 66 66 66 66 33 33 66 66 66 33 33 33 66 66 66 33 33 33 66 66 66 33 33 33 66 66 66 33 33 33 
66 66 66 33 33 66 66 66 66 33 33 33 66 66 66 33 33 66 66 66 66 33 33 33 66 66 66 33 33 66 66 66 66 33 33 66 66 66 33 33 33 66 66 66 66 33 33 66 66 66 33 33 33 66 66 66 33 33 33 66 66 66 33 33 
33 66 66 66 33 33 66 66 66 66 33 33 33 66 66 66 33 33 66 66 66 66 33 33 66 66 66 33 33 33 66 66 66 66 33 33 66 66 66 33 33 33 66 66 66 33 33 33 66 66 66 33 33 33 66 66 66 33 33 33 66 66 66 33 
33 33 66 66 66 33 33 33 66 66 66 33 33 66 66 66 66 33 33 33 66 66 66 33 33 66 66 66 66 33 33 66 66 66 33 33 33 66 66 66 66 33 33 66 66 66 33 33 33 66 66 66 66 33 33 66 66 66 33 33 33 66 66 66 
33 33 66 66 66 66 33 33 33 66 66 66 33 33 66 66 66 66 33 33 66 66 66 33 33 33 66 66 66 66 33 33 66 66 66 33 33 33 66 66 66 66 33 33 66 66 66 33 33 33 66 66 66 33 33 33 66 66 66 33 33 33 66 66 
66 33 33 33 66 66 66 33 33 66 66 66 66 33 33 33 66 66 66 33 33 66 66 66 66 33 33 33 66 66 66 33 33 66 66 66 66 33 33 66 66 66 33 33 33 66 66 66 66 33 33 66 66 66 33 33 33 66 66 66 33 33 33 66 
66 66 33 33 33 66 66 66 33 33 66 66 66 66 33 33 33 66 66 66 33 33 66 66 66 66 33 33 66 66 66 33 33 33 66 66 66 66 33 33 66 66 66 33 33 33 66 66 66 33 33 33 66 66 66 33 33 33 66 66 66 33 33 33 
66 66 66 33 33 33 66 66 66 33 33 33 66 66 66 33 33 66 66 66 66 33 33 33 66 66 66 33 33 66 66 66 66 33 33 66 66 66 33 33 33 66 66 66 66 33 33 66 66 66 33 33 33 66 66 66 66 33 33 66 66 66 33 33 
33 66 66 66 33 33 66 66 66 66 33 33 33 66 66 66 33 33 66 66 66 66 33 33 66 66 66 33 33 33 66 66 66 66 33 33 66 66 66 33 33 33 66 66 66 66 33 33 66 66 66 33 33 33 66 66 66 33 33 33 66 66 66 33 
33 33 66 66 66 33 33 33 66 66 66 33 33 66 66 66 66 33 33 33 66 66 66 33 33 66 66 66 66 33 33 33 66 66 66 33 33 66 66 66 66 33 33 66 66 66 33 33 33 66 66 66 66 33 33 66 66 66 33 33 33 66 66 66 
33 33 66 66 66 66 33 33 33 66 66 66 33 33 66 66 66 66 33 33 33 66 66 66 33 33 66 66 66 66 33 33 66 66 66 33 33 33 66 66 66 66 33 33 66 66 66 33 33 33 66 66 66 33 33 33 66 66 66 33 33 33 66 66 
66 33 33 33 66 66 66 33 33 33 66 66 66 33 33 33 66 66 66 33 33 66 66 66 66 33 33 33 66 66 66 33 33 66 66 66 66 33 33 66 66 66 33 33 33 66 66 66 66 33 33 66 66 66 33 33 33 66 66 66 66 33 33 66 
66 66 33 33 33 66 66 66 33 33 66 66 66 66 33 33 33 66 66 66 33 33 66 66 66 66 33 33 66 66 66 33 33 33 66 66 66 66 33 33 66 66 66 33 33 33 66 66 66 66 33 33 66 66 66 33 33 33 66 66 66 33 33 33 
66 66 66 33 33 33 66 66 66 33 33 33 66 66 66 33 33 66 66 66 66 33 33 33 66 66 66 33 33 66 66 66 66 33 33 33 66 66 66 33 33 66 66 66 66 33 33 66 66 66 33 33 33 66 66 66 66 33 33 66 66 66 33 33 
33 66 66 66 33 33 66 66 66 66 33 33 33 66 66 66 33 33 66 66 66 66 33 33 33 66 66 66 33 33 66 66 66 66 33 33 66 66 66 33 33 33 66 66 66 66 33 33 66 66 66 33 33 33 66 66 66 33 33 33 66 66 66 33 
33 33 66 66 66 33 33 33 66 66 66 33 33 33 66 66 66 33 33 33 66 66 66 33 33 66 66 66 66 33 33 33 66 66 66 33 33 66 66 66 66 33 33 66 66 66 33 33 33 66 66 66 66 33 33 66 66 66 33 33 33 66 66 66 
33 33 33 66 66 66 33 33 33 66 66 66 33 33 66 66 66 66 33 33 33 66 66 66 33 33 66 66 66 66 33 33 66 66 66 33 33 33 66 66 66 66 33 33 66 66 66 33 33 33 66 66 66 66 33 33 66 66 66 33 33 33 66 66 
66 33 33 33 66 66 66 33 33 33 66 66 66 33 33 33 66 66 66 33 33 66 66 66 66 33 33 33 66 66 66 33 33 66 66 66 66 33 33 33 66 66 66 33 33 66 66 66 66 33 33 66 66 66 33 33 33 66 66 66 66 33 33 66 
66 66 33 33 33 66 66 66 33 33 66 66 66 66 33 33 33 66 66 66 33 33 66 66 66 66 33 33 33 66 66 66 33 33 66 66 66 66 33 33 66 66 66 33 33 33 66 66 66 66 33 33 66 66 66 33 33 33 66 66 66 33 33 33 
66 66 66 33 33 33 66 66 66 33 33 33 66 66 66 33 33 33 66 66 66 33 33 33 66 66 66 33 33 66 66 66 66 33 33 33 66 66 66 33 33 66 66 66 66 33 33 66 66 66 33 33 33 66 66 66 66 33 33 66 66 66 33 33 
33 66 66 66 33 33 33 66 66 66 33 33 33 66 66 66 33 33 66 66 66 66 33 33 33 66 66 66 33 33 66 66 66 66 33 33 66 66 66 33 33 33 66 66 66 66 33 33 66 66 66 33 33 33 66 66 66 66 33 33 66 66 66 33 
33 33 66 66 66 33 33 33 66 66 66 33 33 33 66 66 66 33 33 33 66 66 66 33 33 66 66 66 66 33 33 33 66 66 66 33 33 66 66 66 66 33 33 33 66 66 66 33 33 66 66 66 66 33 33 66 66 66 33 33 33 66 66 66 
33 33 33 66 66 66 33 33 33 66 66 66 33 33 66 66 66 66 33 33 33 66 66 66 33 33 66 66 66 66 33 33 33 66 66 66 33 33 66 66 66 66 33 33 66 66 66 33 33 33 66 66 66 66 33 33 66 66 66 33 33 33 66 66 
66 33 33 33 66 66 66 33 33 33 66 66 66 33 33 33 66 66 66 33 33 33 66 66 66 33 33 33 66 66 66 33 33 66 66 66 66 33 33 33 66 66 66 33 33 66 66 66 66 33 33 66 66 66 33 33 33 66 66 66 66 33 33 66 
66 66 33 33 33 66 66 66 33 33 33 66 66 66 33 33 33 66 66 66 33 33 66 66 66 66 33 33 33 66 66 66 33 33 66 66 66 66 33 33 66 66 66 33 33 33 66 66 66 66 33 33 66 66 66 33 33 33 66 66 66 66 33 33 
66 66 66 33 33 33 66 66 66 33 33 33 66 66 66 33 33 33 66 66 66 33 33 33 66 66 66 33 33 66 66 66 66 33 33 33 66 66 66 33 33 66 66 66 66 33 33 33 66 66 66 33 33 66 66 66 66 33 33 66 66 66 33 33 
33 66 66 66 33 33 33 66 66 66 33 33 33 66 66 66 33 33 66 66 66 66 33 33 33 66 66 66 33 33 66 66 66 66 33 33 33 66 66 66 33 33 66 66 66 66 33 33 66 66 66 33 33 33 66 66 66 66 33 33 66 66 66 33 
33 33 66 66 66 33 33 33 66 66 66 33 33 33 66 66 66 33 33 33 66 66 66 33 33 33 66 66 66 33 33 33 66 66 66 33 33 66 66 66 66 33 33 33 66 66 66 33 33 66 66 66 66 33 33 66 66 66 33 33 33 66 66 66 
33 33 33 66 66 66 33 33 33 66 66 66 33 33 33 66 66 66 33 33 33 66 66 66 33 33 66 66 66 66 33 33 33 66 66 66 33 33 66 66 66 66 33 33 66 66 66 33 33 33 66 66 66 66 33 33 66 66 66 33 33 33 66 66 
66 33 33 33 66 66 66 33 33 33 66 66 66 33 33 33 66 66 66 33 33 33 66 66 66 33 33 33 66 66 66 33 33 66 66 66 66 33 33 33 66 66 66 33 33 66 66 66 66 33 33 33 66 66 66 33 33 66 66 66 66 33 33 66 
66 66 33 33 33 66 66 66 33 33 33 66 66 66 33 33 33 66 66 66 33 33 66 66 66 66 33 33 33 66 66 66 33 33 66 66 66 66 33 33 33 66 66 66 33 33 66 66 66 66 33 33 66 66 66 33 33 33 66 66 66 66 33 33 
66 66 66 33 33 33 66 66 66 33 33 33 66 66 66 33 33 33 66 66 66 33 33 33 66 66 66 33 33 33 66 66 66 33 33 33 66 66 66 33 33 66 66 66 66 33 33 33 66 66 66 33 33 66 66 66 66 33 33 66 66 66 33 33 
33 66 66 66 33 33 33 66 66 66 33 33 33 66 66 66 33 33 33 66 66 66 33 33 33 66 66 66 33 33 66 66 66 66 33 33 33 66 66 66 33 33 66 66 66 66 33 33 66 66 66 33 33 33 66 66 66 66 33 33 66 66 66 33 
33 33 66 66 66 33 33 33 66 66 66 33 33 33 66 66 66 33 33 33 66 66 66 33 33 33 66 66 66 33 33 33 66 66 66 33 33 66 66 66 66 33 33 33 66 66 66 33 33 66 66 66 66 33 33 33 66 66 66 33 33 66 66 66 
33 33 33 66 66 66 33 33 33 66 66 66 33 33 33 66 66 66 33 33 33 66 66 66 33 33 66 66 66 66 33 33 33 66 66 66 33 33 66 66 66 66 33 33 33 66 66 66 33 33 66 66 66 66 33 33 66 66 66 33 33 33 66 66 
66 33 33 33 66 66 66 33 33 33 66 66 66 33 33 33 66 66 66 33 33 33 66 66 66 33 33 33 66 66 66 33 33 33 66 66 66 33 33 33 66 66 66 33 33 66 66 66 66 33 33 33 66 66 66 33 33 66 66 66 66 33 33 66 
66 66 33 33 33 66 66 66 33 33 33 66 66 66 33 33 33 66 66 66 33 33 33 66 66 66 33 33 33 66 66 66 33 33 66 66 66 66 33 33 33 66 66 66 33 33 66 66 66 66 33 33 66 66 66 33 33 33 66 66 66 66 33 33 
66 66 66 33 33 33 66 66 66 33 33 33 66 66 66 33 33 33 66 66 66 33 33 33 66 66 66 33 33 33 66 66 66 33 33 33 66 66 66 33 33 66 66 66 66 33 33 33 66 66 66 33 33 66 66 66 66 33 33 33 66 66 66 33 
33 66 66 66 33 33 33 66 66 66 33 33 33 66 66 66 33 33 33 66 66 66 33 33 33 66 66 66 33 33 66 66 66 66 33 33 33 66 66 66 33 33 66 66 66 66 33 33 33 66 66 66 33 33 66 66 66 66 33 33 66 66 66 33 
33 33 66 66 66 33 33 33 66 66 66 33 33 33 66 66 66 33 33 33 66 66 66 33 33 33 66 66 66 33 33 33 66 66 66 33 33 33 66 66 66 33 33 33 66 66 66 33 33 66 66 66 66 33 33 33 66 66 66 33 33 66 66 66 
33 33 33 66 66 66 33 33 33 66 66 66 33 33 33 66 66 66 33 33 33 66 66 66 33 33 33 66 66 66 33 33 33 66 66 66 33 33 66 66 66 66 33 33 33 66 66 66 33 33 66 66 66 66 33 33 66 66 66 33 33 33 66 66 
66 33 33 33 66 66 66 33 33 33 66 66 66 33 33 33 66 66 66 33 33 33 66 66 66 33 33 33 66 66 66 33 33 33 66 66 66 33 33 33 66 66 66 33 33 66 66 66 66 33 33 33 66 66 66 33 33 66 66 66 66 33 33 33 
66 66 66 33 33 66 66 66 33 33 33 66 66 66 33 33 33 66 66 66 33 33 33 66 66 66 33 33 33 66 66 66 33 33 66 66 66 66 33 33 33 66 66 66 33 33 66 66 66 66 33 33 33 66 66 66 33 33 66 66 66 66 33 33 
66 66 66 33 33 33 66 66 66 33 33 33 66 66 66 33 33 33 66 66 66 33 33 33 66 66 66 33 33 33 66 66 66 33 33 33 66 66 66 33 33 33 66 66 66 33 33 33 66 66 66 33 33 66 66 66 66 33 33 33 66 66 66 33 
33 66 66 66 33 33 33 66 66 66 33 33 33 66 66 66 33 33 33 66 66 66 33 33 33 66 66 66 33 33 33 66 66 66 33 33 33 66 66 66 33 33 66 66 66 66 33 33 33 66 66 66 33 33 66 66 66 66 33 33 66 66 66 33 
33 33 66 66 66 33 33 33 66 66 66 33 33 33 66 66 66 33 33 33 66 66 66 33 33 33 66 66 66 33 33 33 66 66 66 33 33 33 66 66 66 33 33 33 66 66 66 33 33 66 66 66 66 33 33 33 66 66 66 33 33 66 66 66 
33 33 33 66 66 66 66 33 33 66 66 66 33 33 33 66 66 66 33 33 33 66 66 66 33 33 33 66 66 66 33 33 33 66 66 66 33 33 66 66 66 66 33 33 33 66 66 66 33 33 66 66 66 66 33 33 33 66 66 66 33 33 66 66 
66 33 33 33 66 66 66 33 33 33 66 66 66 33 33 33 66 66 66 33 33 33 66 66 66 33 33 33 66 66 66 33 33 33 66 66 66 33 33 33 66 66 66 33 33 33 66 66 66 33 33 33 66 66 66 33 33 66 66 66 66 33 33 33 
66 66 66 33 33 66 66 66 33 33 33 66 66 66 33 33 33 66 66 66 33 33 33 66 66 66 33 33 33 66 66 66 33 33 33 66 66 66 33 33 33 66 66 66 33 33 66 66 66 66 33 33 33 66 66 66 33 33 66 66 66 66 33 33 
66 66 66 33 33 33 66 66 66 33 33 33 66 66 66 33 33 33 66 66 66 33 33 33 66 66 66 33 33 33 66 66 66 33 33 33 66 66 66 33 33 33 66 66 66 33 33 33 66 66 66 33 33 66 66 66 66 33 33 33 66 66 66 33 
33 66 66 66 33 33 33 66 66 66 66 33 33 66 66 66 33 33 33 66 66 66 33 33 33 66 66 66 33 33 33 66 66 66 33 33 33 66 66 66 33 33 66 66 66 66 33 33 33 66 66 66 33 33 66 66 66 66 33 33 33 66 66 66 
33 33 66 66 66 33 33 33 66 66 66 33 33 33 66 66 66 33 33 33 66 66 66 33 33 33 66 66 66 33 33 33 66 66 66 33 33 33 66 66 66 33 33 33 66 66 66 33 33 33 66 66 66 33 33 33 66 66 66 33 33 66 66 66 
33 33 33 66 66 66 66 33 33 66 66 66 33 33 33 66 66 66 33 33 33 66 66 66 33 33 33 66 66 66 33 33 33 66 66 66 33 33 33 66 66 66 33 33 33 66 66 66 33 33 66 66 66 66 33 33 33 66 66 66 33 33 66 66 
66 33 33 33 66 66 66 33 33 33 66 66 66 33 33 33 66 66 66 33 33 33 66 66 66 33 33 33 66 66 66 33 33 33 66 66 66 33 33 33 66 66 66 33 33 33 66 66 66 33 33 33 66 66 66 33 33 66 66 66 66 33 33 33 
66 66 66 33 33 66 66 66 33 33 33 66 66 66 66 33 33 66 66 66 33 33 33 66 66 66 33 33 33 66 66 66 33 33 33 66 66 66 33 33 33 66 66 66 33 33 66 66 66 66 33 33 33 66 66 66 33 33 66 66 66 66 33 33 
66 66 66 66 33 33 66 66 66 33 33 33 66 66 66 33 33 33 66 66 66 33 33 33 66 66 66 33 33 33 66 66 66 33 33 33 66 66 66 33 33 33 66 66 66 33 33 33 66 66 66 33 33 33 66 66 66 33 33 33 66 66 66 33 
33 66 66 66 33 33 33 66 66 66 66 33 33 66 66 66 33 33 33 66 66 66 33 33 33 66 66 66 33 33 33 66 66 66 33 33 33 66 66 66 33 33 33 66 66 66 33 33 33 66 66 66 33 33 66 66 66 66 33 33 33 66 66 66 
33 33 66 66 66 33 33 33 66 66 66 33 33 33 66 66 66 33 33 33 66 66 66 33 33 33 66 66 66 33 33 33 66 66 66 33 33 33 66 66 66 33 33 33 66 66 66 33 33 33 66 66 66 33 33 33 66 66 66 33 33 66 66 66 
33 33 33 66 66 66 66 33 33 66 66 66 33 33 33 66 66 66 66 33 33 66 66 66 33 33 33 66 66 66 33 33 33 66 66 66 33 33 33 66 66 66 33 33 33 66 66 66 33 33 66 66 66 66 33 33 33 66 66 66 33 33 66 66 
66 33 33 33 66 66 66 66 33 33 66 66 66 33 33 33 66 66 66 33 33 33 66 66 66 33 33 33 66 66 66 33 33 33 66 66 66 33 33 33 66 66 66 33 33 33 66 66 66 33 33 33 66 66 66 33 33 33 66 66 66 33 33 33 
66 66 66 33 33 66 66 66 33 33 33 66 66 66 66 33 33 66 66 66 33 33 33 66 66 66 33 33 33 66 66 66 33 33 33 66 66 66 33 33 33 66 66 66 33 33 33 66 66 66 33 33 33 66 66 66 33 33 66 66 66 66 33 33 
66 66 66 66 33 33 66 66 66 33 33 33 66 66 66 33 33 33 66 66 66 33 33 33 66 66 66 33 33 33 66 66 66 33 33 33 66 66 66 33 33 33 66 66 66 33 33 33 66 66 66 33 33 33 66 66 66 33 33 33 66 66 66 33 
33 66 66 66 33 33 33 66 66 66 66 33 33 66 66 66 33 33 33 66 66 66 66 33 33 66 66 66 33 33 33 66 66 66 33 33 33 66 66 66 33 33 33 66 66 66 33 33 33 66 66 66 33 33 66 66 66 66 33 33 33 66 66 66 
33 33 66 66 66 33 33 33 66 66 66 66 33 33 66 66 66 33 33 33 66 66 66 33 33 33 66 66 66 33 33 33 66 66 66 33 33 33 66 66 66 33 33 33 66 66 66 33 33 33 66 66 66 33 33 33 66 66 66 33 33 33 66 66 
66 33 33 66 66 66 66 33 33 66 66 66 33 33 33 66 66 66 66 33 33 66 66 66 33 33 33 66 66 66 33 33 33 66 66 66 33 33 33 66 66 66 33 33 33 66 66 66 33 33 33 66 66 66 33 33 33 66 66 66 33 33 66 66 
66 33 33 33 66 66 66 66 33 33 66 66 66 33 33 33 66 66 66 33 33 33 66 66 66 33 33 33 66 66 66 33 33 33 66 66 66 33 33 33 66 66 66 33 33 33 66 66 66 33 33 33 66 66 66 33 33 33 66 66 66 33 33 33 
66 66 66 33 33 66 66 66 33 33 33 66 66 66 66 33 33 66 66 66 33 33 33 66 66 66 66 33 33 66 66 66 33 33 33 66 66 66 33 33 33 66 66 66 33 33 33 66 66 66 33 33 33 66 66 66 33 33 66 66 66 66 33 33 
66 66 66 66 33 33 66 66 66 33 33 33 66 66 66 66 33 33 66 66 66 33 33 33 66 66 66 33 33 33 66 66 66 33 33 33 66 66 66 33 33 33 66 66 66 33 33 33 66 66 66 33 33 33 66 66 66 33 33 33 66 66 66 33 
33 33 66 66 66 33 33 66 66 66 66 33 33 66 66 66 33 33 33 66 66 66 66 33 33 66 66 66 33 33 33 66 66 66 33 33 33 66 66 66 33 33 33 66 66 66 33 33 33 66 66 66 33 33 33 66 66 66 33 33 33 66 66 66 
33 33 66 66 66 33 33 33 66 66 66 66 33 33 66 66 66 33 33 33 66 66 66 33 33 33 66 66 66 33 33 33 66 66 66 33 33 33 66 66 66 33 33 33 66 66 66 33 33 33 66 66 66 33 33 33 66 66 66 33 33 33 66 66 
66 33 33 66 66 66 66 33 33 66 66 66 33 33 33 66 66 66 66 33 33 66 66 66 33 33 33 66 66 66 66 33 33 66 66 66 33 33 33 66 66 66 33 33 33 66 66 66 33 33 33 66 66 66 33 33 33 66 66 66 33 33 66 66 
66 33 33 33 66 66 66 66 33 33 66 66 66 33 33 33 66 66 66 66 33 33 66 66 66 33 33 33 66 66 66 33 33 33 66 66 66 33 33 33 66 66 66 33 33 33 66 66 66 33 33 33 66 66 66 33 33 33 66 66 66 33 33 33 
66 66 66 33 33 33 66 66 66 33 33 66 66 66 66 33 33 66 66 66 33 33 33 66 66 66 66 33 33 66 66 66 33 33 33 66 66 66 33 33 33 66 66 66 33 33 33 66 66 66 33 33 33 66 66 66 33 33 33 66 66 66 33 33 
66 66 66 66 33 33 66 66 66 33 33 33 66 66 66 66 33 33 66 66 66 33 33 33 66 66 66 33 33 33 66 66 66 33 33 33 66 66 66 33 33 33 66 66 66 33 33 33 66 66 66 33 33 33 66 66 66 33 33 33 66 66 66 33 
33 33 66 66 66 33 33 66 66 66 66 33 33 66 66 66 33 33 33 66 66 66 66 33 33 66 66 66 33 33 33 66 66 66 66 33 33 66 66 66 33 33 33 66 66 66 33 33 33 66 66 66 33 33 33 66 66 66 33 33 33 66 66 66 
33 33 66 66 66 33 33 33 66 66 66 66 33 33 66 66 66 33 33 33 66 66 66 66 33 33 66 66 66 33 33 33 66 66 66 33 33 33 66 66 66 33 33 33 66 66 66 33 33 33 66 66 66 33 33 33 66 66 66 33 33 33 66 66 
66 33 33 66 66 66 66 33 33 33 66 66 66 33 33 66 66 66 66 33 33 66 66 66 33 33 33 66 66 66 66 33 33 66 66 66 33 33 33 66 66 66 33 33 33 66 66 66 33 33 33 66 66 66 33 33 33 66 66 66 33 33 33 66 
66 66 33 33 66 66 66 66 33 33 66 66 66 33 33 33 66 66 66 66 33 33 66 66 66 33 33 33 66 66 66 33 33 33 66 66 66 33 33 33 66 66 66 33 33 33 66 66 66 33 33 33 66 66 66 33 33 33 66 66 66 33 33 33 
66 66 66 33 33 33 66 66 66 33 33 66 66 66 66 33 33 66 66 66 33 33 33 66 66 66 66 33 33 66 66 66 33 33 33 66 66 66 66 33 33 66 66 66 33 33 33 66 66 66 33 33 33 66 66 66 33 33 33 66 66 66 33 33 
66 66 66 66 33 33 66 66 66 33 33 33 66 66 66 66 33 33 66 66 66 33 33 33 66 66 66 66 33 33 66 66 66 33 33 33 66 66 66 33 33 33 66 66 66 33 33 33 66 66 66 33 33 33 66 66 66 33 33 33 66 66 66 33 
33 33 66 66 66 33 33 66 66 66 66 33 33 33 66 66 66 33 33 66 66 66 66 33 33 66 66 66 33 33 33 66 66 66 66 33 33 66 66 66 33 33 33 66 66 66 33 33 33 66 66 66 33 33 33 66 66 66 33 33 33 66 66 66 
33 33 33 66 66 66 33 33 66 66 66 66 33 33 66 66 66 33 33 33 66 66 66 66 33 33 66 66 66 33 33 33 66 66 66 33 33 33 66 66 66 33 33 33 66 66 66 33 33 33 66 66 66 33 33 33 66 66 66 33 33 33 66 66 
66 33 33 66 66 66 66 33 33 33 66 66 66 33 33 66 66 66 66 33 33 66 66 66 33 33 33 66 66 66 66 33 33 66 66 66 33 33 33 66 66 66 66 33 33 66 66 66 33 33 33 66 66 66 33 33 33 66 66 66 33 33 33 66 
66 66 33 33 66 66 66 66 33 33 66 66 66 33 33 33 66 66 66 66 33 33 66 66 66 33 33 33 66 66 66 66 33 33 66 66 66 33 33 33 66 66 66 33 33 33 66 66 66 33 33 33 66 66 66 33 33 33 66 66 66 33 33 33 
66 66 66 33 33 33 66 66 66 33 33 66 66 66 66 33 33 33 66 66 66 33 33 66 66 66 66 33 33 66 66 66 33 33 33 66 66 66 66 33 33 66 66 66 33 33 33 66 66 66 33 33 33 66 66 66 33 33 33 66 66 66 33 33 
66 66 66 66 33 33 33 66 66 66 33 33 66 66 66 66 33 33 66 66 66 33 33 33 66 66 66 66 33 33 66 66 66 33 33 33 66 66 66 33 33 33 66 66 66 33 33 33 66 66 66 33 33 33 66 66 66 33 33 33 66 66 66 33 
33 33 66 66 66 33 33 66 66 66 66 33 33 33 66 66 66 33 33 66 66 66 66 33 33 66 66 66 33 33 33 66 66 66 66 33 33 66 66 66 33 33 33 66 66 66 66 33 33 66 66 66 33 33 33 66 66 66 33 33 33 66 66 66 
33 33 33 66 66 66 33 33 66 66 66 66 33 33 66 66 66 33 33 33 66 66 66 66 33 33 66 66 66 33 33 33 66 66 66 66 33 33 66 66 66 33 33 33 66 66 66 33 33 33 66 66 66 33 33 33 66 66 66 33 33 33 66 66 
66 33 33 66 66 66 66 33 33 33 66 66 66 33 33 66 66 66 66 33 33 33 66 66 66 33 33 66 66 66 66 33 33 66 66 66 33 33 33 66 66 66 66 33 33 66 66 66 33 33 33 66 66 66 33 33 33 66 66 66 33 33 33 66 
66 66 33 33 66 66 66 66 33 33 33 66 66 66 33 33 66 66 66 66 33 33 66 66 66 33 33 33 66 66 66 66 33 33 66 66 66 33 33 33 66 66 66 33 33 33 66 66 66 33 33 33 66 66 66 33 33 33 66 66 66 33 33 33 
66 66 66 33 33 33 66 66 66 33 33 66 66 66 66 33 33 33 66 66 66 33 33 66 66 66 66 33 33 66 66 66 33 33 33 66 66 66 66 33 33 66 66 66 33 33 33 66 66 66 66 33 33 66 66 66 33 33 33 66 66 66 33 33 
66 66 66 66 33 33 33 66 66 66 33 33 66 66 66 66 33 33 66 66 66 33 33 33 66 66 66 66 33 33 66 66 66 33 33 33 66 66 66 66 33 33 66 66 66 33 33 33 66 66 66 33 33 33 66 66 66 33 33 33 66 66 66 33 
33 33 66 66 66 33 33 66 66 66 66 33 33 33 66 66 66 33 33 66 66 66 66 33 33 33 66 66 66 33 33 66 66 66 66 33 33 66 66 66 33 33 33 66 66 66 66 33 33 66 66 66 33 33 33 66 66 66 33 33 33 66 66 66 
33 33 33 66 66 66 33 33 66 66 66 66 33 33 33 66 66 66 33 33 66 66 66 66 33 33 66 66 66 33 33 33 66 66 66 66 33 33 66 66 66 33 33 33 66 66 66 33 33 33 66 66 66 33 33 33 66 66 66 33 33 33 66 66 
66 33 33 33 66 66 66 33 33 33 66 66 66 33 33 66 66 66 66 33 33 33 66 66 66 33 33 66 66 66 66 33 33 66 66 66 33 33 33 66 66 66 66 33 33 66 66 66 33 33 33 66 66 66 66 33 33 66 66 66 33 33 33 66 
66 66 33 33 66 66 66 66 33 33 33 66 66 66 33 33 66 66 66 66 33 33 66 66 66 33 33 33 66 66 66 66 33 33 66 66 66 33 33 33 66 66 66 66 33 33 66 66 66 33 33 33 66 66 66 33 33 33 66 66 66 33 33 33 
66 66 66 33 33 33 66 66 66 33 33 66 66 66 66 33 33 33 66 66 66 33 33 66 66 66 66 33 33 33 66 66 66 33 33 66 66 66 66 33 33 66 66 66 33 33 33 66 66 66 66 33 33 66 66 66 33 33 33 66 66 66 33 33 
66 66 66 66 33 33 33 66 66 66 33 33 66 66 66 66 33 33 33 66 66 66 33 33 66 66 66 66 33 33 66 66 66 33 33 33 66 66 66 66 33 33 66 66 66 33 33 33 66 66 66 33 33 33 66 66 66 33 33 33 66 66 66 33 
33 33 66 66 66 33 33 33 66 66 66 33 33 33 66 66 66 33 33 66 66 66 66 33 33 33 66 66 66 33 33 66 66 66 66 33 33 66 66 66 33 33 33 66 66 66 66 33 33 66 66 66 33 33 33 66 66 66 66 33 33 66 66 66 
33 33 33 66 66 66 33 33 66 66 66 66 33 33 33 66 66 66 33 33 66 66 66 66 33 33 66 66 66 33 33 33 66 66 66 66 33 33 66 66 66 33 33 33 66 66 66 66 33 33 66 66 66 33 33 33 66 66 66 33 33 33 66 66 
66 33 33 33 66 66 66 33 33 33 66 66 66 33 33 66 66 66 66 33 33 33 66 66 66 33 33 66 66 66 66 33 33 33 66 66 66 33 33 66 66 66 66 33 33 66 66 66 33 33 33 66 66 66 66 33 33 66 66 66 33 33 33 66 
66 66 33 33 66 66 66 66 33 33 33 66 66 66 33 33 66 66 66 66 33 33 33 66 66 66 33 33 66 66 66 66 33 33 66 66 66 33 33 33 66 66 66 66 33 33 66 66 66 33 33 33 66 66 66 33 33 33 66 66 66 33 33 33 
66 66 66 33 33 33 66 66 66 33 33 33 66 66 66 33 33 33 66 66 66 33 33 66 66 66 66 33 33 33 66 66 66 33 33 66 66 66 66 33 33 66 66 66 33 33 33 66 66 66 66 33 33 66 66 66 33 33 33 66 66 66 66 33 
33 66 66 66 33 33 33 66 66 66 33 33 66 66 66 66 33 33 33 66 66 66 33 33 66 66 66 66 33 33 66 66 66 33 33 33 66 66 66 66 33 33 66 66 66 33 33 33 66 66 66 66 33 33 66 66 66 33 33 33 66 66 66 33 
33 33 66 66 66 33 33 33 66 66 66 33 33 33 66 66 66 33 33 66 66 66 66 33 33 33 66 66 66 33 33 66 66 66 66 33 33 33 66 66 66 33 33 66 66 66 66 33 33 66 66 66 33 33 33 66 66 66 66 33 33 66 66 66 
33 33 33 66 66 66 33 33 66 66 66 66 33 33 33 66 66 66 33 33 66 66 66 66 33 33 33 66 66 66 33 33 66 66 66 66 33 33 66 66 66 33 33 33 66 66 66 66 33 33 66 66 66 33 33 33 66 66 66 33 33 33 66 66 
66 33 33 33 66 66 66 33 33 33 66 66 66 33 33 33 66 66 66 33 33 33 66 66 66 33 33 66 66 66 66 33 33 33 66 66 66 33 33 66 66 66 66 33 33 66 66 66 33 33 33 66 66 66 66 33 33 66 66 66 33 33 33 66 
66 66 33 33 33 66 66 66 33 33 33 66 66 66 33 33 66 66 66 66 33 33 33 66 66 66 33 33 66 66 66 66 33 33 66 66 66 33 33 33 66 66 66 66 33 33 66 66 66 33 33 33 66 66 66 66 33 33 66 66 66 33 33 33 
66 66 66 33 33 33 66 66 66 33 33 33 66 66 66 33 33 33 66 66 66 33 33 66 66 66 66 33 33 33 66 66 66 33 33 66 66 66 66 33 33 33 66 66 66 33 33 66 66 66 66 33 33 66 66 66 33 33 33 66 66 66 66 33 
33 66 66 66 33 33 33 66 66 66 33 33 66 66 66 66 33 33 33 66 66 66 33 33 66 66 66 66 33 33 33 66 66 66 33 33 66 66 66 66 33 33 66 66 66 33 33 33 66 66 66 66 33 33 66 66 66 33 33 33 66 66 66 33 
33 33 66 66 66 33 33 33 66 66 66 33 33 33 66 66 66 33 33 33 66 66 66 33 33 33 66 66 66 33 33 66 66 66 66 33 33 33 66 66 66 33 33 66 66 66 66 33 33 66 66 66 33 33 33 66 66 66 66 33 33 66 66 66 
33 33 33 66 66 66 33 33 33 66 66 66 33 33 33 66 66 66 33 33 66 66 66 66 33 33 33 66 66 66 33 33 66 66 66 66 33 33 66 66 66 33 33 33 66 66 66 66 33 33 66 66 66 33 33 33 66 66 66 66 33 33 66 66 
66 33 33 33 66 66 66 33 33 33 66 66 66 33 33 33 66 66 66 33 33 33 66 66 66 33 33 66 66 66 66 33 33 33 66 66 66 33 33 66 66 66 66 33 33 33 66 66 66 33 33 66 66 66 66 33 33 66 66 66 33 33 33 66 
66 66 33 33 33 66 66 66 33 33 33 66 66 66 33 33 66 66 66 66 33 33 33 66 66 66 33 33 66 66 66 66 33 33 33 66 66 66 33 33 66 66 66 66 33 33 66 66 66 33 33 33 66 66 66 66 33 33 66 66 66 33 33 33 
66 66 66 33 33 33 66 66 66 33 33 33 66 66 66 33 33 33 66 66 66 33 33 33 66 66 66 33 33 33 66 66 66 33 33 66 66 66 66 33 33 33 66 66 66 33 33 66 66 66 66 33 33 66 66 66 33 33 33 66 66 66 66 33 
33 66 66 66 33 33 33 66 66 66 33 33 33 66 66 66 33 33 33 66 66 66 33 33 66 66 66 66 33 33 33 66 66 66 33 33 66 66 66 66 33 33 66 66 66 33 33 33 66 66 66 66 33 33 66 66 66 33 33 33 66 66 66 66 
33 33 66 66 66 33 33 33 66 66 66 33 33 33 66 66 66 33 33 33 66 66 66 33 33 33 66 66 66 33 33 66 66 66 66 33 33 33 66 66 66 33 33 66 66 66 66 33 33 33 66 66 66 33 33 66 66 66 66 33 33 66 66 66 
33 33 33 66 66 66 33 33 33 66 66 66 33 33 33 66 66 66 33 33 66 66 66 66 33 33 33 66 66 66 33 33 66 66 66 66 33 33 33 66 66 66 33 33 66 66 66 66 33 33 66 66 66 33 33 33 66 66 66 66 33 33 66 66 
66 33 33 33 66 66 66 33 33 33 66 66 66 33 33 33 66 66 66 33 33 33 66 66 66 33 33 33 66 66 66 33 33 33 66 66 66 33 33 66 66 66 66 33 33 33 66 66 66 33 33 66 66 66 66 33 33 66 66 66 33 33 33 66 
66 66 33 33 33 66 66 66 33 33 33 66 66 66 33 33 33 66 66 66 33 33 33 66 66 66 33 33 66 66 66 66 33 33 33 66 66 66 33 33 66 66 66 66 33 33 66 66 66 33 33 33 66 66 66 66 33 33 66 66 66 33 33 33 
66 66 66 33 33 33 66 66 66 33 33 33 66 66 66 33 33 33 66 66 66 33 33 33 66 66 66 33 33 33 66 66 66 33 33 66 66 66 66 33 33 33 66 66 66 33 33 66 66 66 66 33 33 33 66 66 66 33 33 66 66 66 66 33 
33 66 66 66 33 33 33 66 66 66 33 33 33 66 66 66 33 33 33 66 66 66 33 33 66 66 66 66 33 33 33 66 66 66 33 33 66 66 66 66 33 33 33 66 66 66 33 33 66 66 66 66 33 33 66 66 66 33 33 33 66 66 66 66 
33 33 66 66 66 33 33 33 66 66 66 33 33 33 66 66 66 33 33 33 66 66 66 33 33 33 66 66 66 33 33 33 66 66 66 33 33 33 66 66 66 33 33 66 66 66 66 33 33 33 66 66 66 33 33 66 66 66 66 33 33 66 66 66 
33 33 33 66 66 66 33 33 33 66 66 66 33 33 33 66 66 66 33 33 33 66 66 66 33 33 33 66 66 66 33 33 66 66 66 66 33 33 33 66 66 66 33 33 66 66 66 66 33 33 66 66 66 33 33 33 66 66 66 66 33 33 66 66 
66 33 33 33 66 66 66 33 33 33 66 66 66 33 33 33 66 66 66 33 33 33 66 66 66 33 33 33 66 66 66 33 33 33 66 66 66 33 33 66 66 66 66 33 33 33 66 66 66 33 33 66 66 66 66 33 33 33 66 66 66 33 33 66 
66 66 33 33 33 66 66 66 33 33 33 66 66 66 33 33 33 66 66 66 33 33 33 66 66 66 33 33 66 66 66 66 33 33 33 66 66 66 33 33 66 66 66 66 33 33 33 66 66 66 33 33 66 66 66 66 33 33 66 66 66 33 33 33 
66 66 66 33 33 33 66 66 66 33 33 33 66 66 66 33 33 33 66 66 66 33 33 33 66 66 66 33 33 33 66 66 66 33 33 33 66 66 66 33 33 33 66 66 66 33 33 66 66 66 66 33 33 33 66 66 66 33 33 66 66 66 66 33 
33 66 66 66 33 33 33 66 66 66 33 33 33 66 66 66 33 33 33 66 66 66 33 33 33 66 66 66 33 33 33 66 66 66 33 33 66 66 66 66 33 33 33 66 66 66 33 33 66 66 66 66 33 33 66 66 66 33 33 33 66 66 66 66 
33 33 66 66 66 33 33 33 66 66 66 33 33 33 66 66 66 33 33 33 66 66 66 33 33 33 66 66 66 33 33 33 66 66 66 33 33 33 66 66 66 33 33 66 66 66 66 33 33 66 66 66 66 66 66 66 66 66 66 66 66 66 66 66 
66 66 66 66 66 33 33 66 66 66 66 66 66 66 66 66 66 66 66 66 66 66 66 66 33 66 66 66 66 33 33 66 66 66 33 33 33 66 66 66 33 33 33 66 66 66 33 33 33 66 66 66 33 33 33 66 66 66 33 33 66 66 66 66 
33 33 66 66 66 66 33 33 66 66 66 33 33 33 66 66 66 66 33 33 66 66 66 33 33 33 66 66 66 33 33 33 66 66 66 33 33 33 66 66 66 33 33 33 66 66 66 33 33 33 66 66 66 33 33 33 66 66 66 33 33 33 66 66 
66 33 33 33 66 66 66 33 33 66 66 66 66 33 33 66 66 66 33 33 33 66 66 66 66 33 33 66 66 66 33 33 33 66 66 66 33 33 33 66 66 66 33 33 33 66 66 66 33 33 33 66 66 66 33 33 33 66 66 66 33 33 33 66 
66 66 33 33 66 66 66 33 33 33 66 66 66 66 33 33 66 66 66 33 33 33 66 66 66 33 33 33 66 66 66 33 33 33 66 66 66 33 33 33 66 66 66 33 33 33 66 66 66 33 33 33 66 66 66 33 33 33 66 66 66 33 33 33 
66 66 66 33 33 66 66 66 66 33 33 66 66 66 33 33 33 66 66 66 66 33 33 66 66 66 33 33 33 66 66 66 66 33 33 66 66 66 33 33 33 66 66 66 33 33 33 66 66 66 33 33 33 66 66 66 33 33 33 66 66 66 33 33 
66 66 66 66 66 66 66 33 66 33 66 66 66 66 66 66 66 66 66 66 66 66 66 66 66 66 66 66 66 66 66 66 66 66 66 66 66 66 66 66 66 66 66 66 66 66 66 66 66 66 66 33 33 33 33 66 66 66 66 66 66 66 66 66 
66 66 66 66 66 66 66 66 66 66 66 66 66 66 66 66 66 66 66 66 66 66 66 66 66 66 66 66 66 66 66 66 66 66 66 66 66 66 66 66 66 66 66 66 66 66 66 66 66 66 66 33 66 66 33 33 66 66 66 66 66 66 66 66 
66 66 66 66 66 66 66 66 66 66 66 66 66 66 66 66 66 66 66 66 66 66 66 66 66 66 66 66 66 66 66 66 66 66 66 66 66 66 66 66 66 66 66 66 66 66 66 33 33 33 33 33 66 66 66 66 66 66 66 66 66 66 66 66 
66 66 66 66 66 66 66 66 66 66 66 66 66 66 66 66 66 33 66 66 66 66 33 33 66 66 66 33 33 66 66 66 33 33 66 66 66 66 33 33 66 66 66 33 33 33 66 66 33 33 33 66 66 66 33 33 66 66 66 33 33 33 66 66 
33 33 33 66 66 33 33 33 66 66 66 33 33 66 66 66 33 33 33 66 66 33 33 33 66 66 66 33 33 66 66 66 66 33 33 66 66 66 33 33 66 66 66 33 33 66 66 66 66 33 33 66 66 66 33 33 66 66 66 33 33 66 66 66 
33 33 66 66 66 66 33 33 66 66 66 33 33 33 66 66 33 33 33 66 66 66 33 33 66 66 66 33 33 33 66 66 33 33 33 66 66 66 33 33 66 66 66 33 33 33 66 66 66 33 33 66 66 66 33 33 66 66 66 33 33 33 66 66 
66 33 33 66 66 66 33 33 66 66 66 33 33 66 66 66 66 33 33 66 66 66 33 33 66 66 66 66 66 66 66 66 66 66 66 66 66 66 66 66 66 66 66 66 66 66 66 66 66 66 66 66 66 66 66 66 66 66 66 66 66 66 66 66 
66 66 66 66 66 66 66 66 66 66 66 66 66 66 66 66 66 66 66 66 66 33 66 66 66 66 66 66 66 66 66 66 66 66 66 66 66 66 66 66 66 66 66 66 66 33 33 33 66 66 66 66 66 66 66 66 66 66 66 66 66 66 66 66 
66 66 66 66 66 66 66 66 66 66 66 66 66 66 66 66 66 66 66 66 66 66 66 66 66 66 66 66 66 66 66 66 66 66 33 33 66 66 66 66 66 66 66 66 66 66 66 66 66 66 66 66 66 66 66 66 66 66 66 66 33 66 33 66 
66 66 66 66 66 66 66 66 66 66 66 66 66 66 66 66 66 66 66 66 66 66 33 33 33 66 66 66 66 66 66 66 66 66 66 66 66 66 66 66 66 66 33 33 33 66 66 66 33 33 33 66 66 66 33 33 33 66 66 66 33 33 33 66 
66 66 33 33 66 66 66 33 33 33 66 66 66 66 33 33 66 66 66 33 33 33 66 66 66 66 33 33 66 66 66 33 33 33 66 66 66 33 33 33 66 66 66 33 33 33 66 66 66 33 33 33 66 66 66 33 33 33 66 66 66 33 33 33 
66 66 66 33 33 66 66 66 66 33 33 33 66 66 66 33 33 66 66 66 66 33 33 66 66 66 33 33 33 66 66 66 66 33 33 66 66 66 33 33 33 66 66 66 33 33 33 66 66 66 33 33 33 66 66 66 33 33 33 66 66 66 33 33 
33 66 66 66 33 33 66 66 66 66 33 33 66 66 66 33 33 33 66 66 66 66 33 33 66 66 66 33 33 33 66 66 66 33 33 33 66 66 66 33 33 33 66 66 66 33 33 33 66 66 66 33 33 33 66 66 66 33 33 33 66 66 66 33 
33 66 66 66 66 33 33 33 66 66 66 33 33 66 66 66 66 33 33 66 66 66 33 33 33 66 66 66 66 33 33 66 66 66 33 33 33 66 66 66 66 33 33 66 66 66 33 33 33 66 66 66 33 33 33 66 66 66 33 33 33 66 66 66 
33 33 66 66 66 66 33 33 66 66 66 33 33 33 66 66 66 66 33 33 66 66 66 33 33 33 66 66 66 66 33 33 66 66 66 33 33 33 66 66 66 33 33 33 66 66 66 33 33 33 66 66 66 33 33 33 66 66 66 33 33 33 66 66 
66 33 33 33 66 66 66 33 33 66 66 66 66 33 33 33 66 66 66 33 33 66 66 66 66 33 33 66 66 66 33 33 33 66 66 66 66 33 33 66 66 66 33 33 33 66 66 66 33 33 33 66 66 66 33 33 33 66 66 66 33 33 33 66 
66 66 33 33 33 66 66 66 33 33 66 66 66 66 33 33 66 66 66 33 33 33 66 66 66 66 33 33 66 66 66 33 33 33 66 66 66 33 33 33 66 66 66 33 33 33 66 66 66 33 33 33 66 66 66 33 33 33 66 66 66 33 33 33 
66 66 66 33 33 66 66 66 66 33 33 33 66 66 66 33 33 66 66 66 66 33 33 66 66 66 33 33 33 66 66 66 66 33 33 66 66 66 33 33 33 66 66 66 66 33 33 66 66 66 33 33 33 66 66 66 33 33 33 66 66 66 33 33 
33 66 66 66 33 33 66 66 66 66 33 33 66 66 66 33 33 33 66 66 66 66 33 33 66 66 66 33 33 33 66 66 66 66 33 33 66 66 66 33 33 33 66 66 66 33 33 33 66 66 66 33 33 33 66 66 66 33 33 33 66 66 66 33 
33 66 66 66 66 33 33 33 66 66 66 33 33 66 66 66 66 33 33 33 66 66 66 33 33 66 66 66 66 33 33 66 66 66 33 33 33 66 66 66 66 33 33 66 66 66 33 33 33 66 66 66 33 33 33 66 66 66 33 33 33 66 66 66 
33 33 66 66 66 66 33 33 33 66 66 66 33 33 66 66 66 66 33 33 66 66 66 33 33 33 66 66 66 66 33 33 66 66 66 33 33 33 66 66 66 33 33 33 66 66 66 33 33 33 66 66 66 33 33 33 66 66 66 33 33 33 66 66 
66 33 33 33 66 66 66 33 33 66 66 66 66 33 33 33 66 66 66 33 33 66 66 66 66 33 33 66 66 66 33 33 33 66 66 66 66 33 33 66 66 66 33 33 33 66 66 66 66 33 33 66 66 66 33 33 33 66 66 66 33 33 33 66 
66 66 33 33 33 66 66 66 33 33 66 66 66 66 33 33 66 66 66 33 33 33 66 66 66 66 33 33 66 66 66 33 33 33 66 66 66 66 33 33 66 66 66 33 33 33 66 66 66 33 33 33 66 66 66 33 33 33 66 66 66 33 33 33 
66 66 66 33 33 66 66 66 66 33 33 33 66 66 66 33 33 66 66 66 66 33 33 33 66 66 66 33 33 66 66 66 66 33 33 66 66 66 33 33 33 66 66 66 66 33 33 66 66 66 33 33 33 66 66 66 33 33 33 66 66 66 33 33 
33 66 66 66 33 33 66 66 66 66 33 33 33 66 66 66 33 33 66 66 66 66 33 33 66 66 66 33 33 33 66 66 66 66 33 33 66 66 66 33 33 33 66 66 66 33 33 33 66 66 66 33 33 33 66 66 66 33 33 33 66 66 66 33 
33 33 66 66 66 33 33 33 66 66 66 33 33 66 66 66 66 33 33 33 66 66 66 33 33 66 66 66 66 33 33 66 66 66 33 33 33 66 66 66 66 33 33 66 66 66 33 33 33 66 66 66 66 33 33 66 66 66 33 33 33 66 66 66 
33 33 66 66 66 66 33 33 33 66 66 66 33 33 66 66 66 66 33 33 66 66 66 33 33 33 66 66 66 66 33 33 66 66 66 33 33 33 66 66 66 66 33 33 66 66 66 33 33 33 66 66 66 33 33 33 66 66 66 33 33 33 66 66 
66 33 33 33 66 66 66 33 33 66 66 66 66 33 33 33 66 66 66 33 33 66 66 66 66 33 33 33 66 66 66 33 33 66 66 66 66 33 33 66 66 66 33 33 33 66 66 66 66 33 33 66 66 66 33 33 33 66 66 66 33 33 33 66 
66 66 33 33 33 66 66 66 33 33 66 66 66 66 33 33 33 66 66 66 33 33 66 66 66 66 33 33 66 66 66 33 33 33 66 66 66 66 33 33 66 66 66 33 33 33 66 66 66 33 33 33 66 66 66 33 33 33 66 66 66 33 33 33 
66 66 66 33 33 33 66 66 66 33 33 33 66 66 66 33 33 66 66 66 66 33 33 33 66 66 66 33 33 66 66 66 66 33 33 66 66 66 33 33 33 66 66 66 66 33 33 66 66 66 33 33 33 66 66 66 66 33 33 66 66 66 33 33 
33 66 66 66 33 33 66 66 66 66 33 33 33 66 66 66 33 33 66 66 66 66 33 33 66 66 66 33 33 33 66 66 66 66 33 33 66 66 66 33 33 33 66 66 66 66 33 33 66 66 66 33 33 33 66 66 66 33 33 33 66 66 66 33 
33 33 66 66 66 33 33 33 66 66 66 33 33 66 66 66 66 33 33 33 66 66 66 33 33 66 66 66 66 33 33 33 66 66 66 33 33 66 66 66 66 33 33 66 66 66 33 33 33 66 66 66 66 33 33 66 66 66 33 33 33 66 66 66 
33 33 66 66 66 66 33 33 33 66 66 66 33 33 66 66 66 66 33 33 33 66 66 66 33 33 66 66 66 66 33 33 66 66 66 33 33 33 66 66 66 66 33 33 66 66 66 33 33 33 66 66 66 33 33 33 66 66 66 33 33 33 66 66 
66 33 33 33 66 66 66 33 33 33 66 66 66 33 33 33 66 66 66 33 33 66 66 66 66 33 33 33 66 66 66 33 33 66 66 66 66 33 33 66 66 66 33 33 33 66 66 66 66 33 33 66 66 66 33 33 33 66 66 66 66 33 33 66 
66 66 33 33 33 66 66 66 33 33 66 66 66 66 33 33 33 66 66 66 33 33 66 66 66 66 33 33 66 66 66 33 33 33 66 66 66 66 33 33 66 66 66 33 33 33 66 66 66 66 33 33 66 66 66 33 33 33 66 66 66 33 33 33 
66 66 66 33 33 33 66 66 66 33 33 33 66 66 66 33 33 66 66 66 66 33 33 33 66 66 66 33 33 66 66 66 66 33 33 33 66 66 66 33 33 66 66 66 66 33 33 66 66 66 33 33 33 66 66 66 66 33 33 66 66 66 33 33 
33 66 66 66 33 33 66 66 66 66 33 33 33 66 66 66 33 33 66 66 66 66 33 33 33 66 66 66 33 33 66 66 66 66 33 33 66 66 66 33 33 33 66 66 66 66 33 33 66 66 66 33 33 33 66 66 66 33 33 33 66 66 66 33 
33 33 66 66 66 33 33 33 66 66 66 33 33 33 66 66 66 33 33 33 66 66 66 33 33 66 66 66 66 33 33 33 66 66 66 33 33 66 66 66 66 33 33 66 66 66 33 33 33 66 66 66 66 33 33 66 66 66 33 33 33 66 66 66 
33 33 33 66 66 66 33 33 33 66 66 66 33 33 66 66 66 66 33 33 33 66 66 66 33 33 66 66 66 66 33 33 66 66 66 33 33 33 66 66 66 66 33 33 66 66 66 33 33 33 66 66 66 66 33 33 66 66 66 33 33 33 66 66 
66 33 33 33 66 66 66 33 33 33 66 66 66 33 33 33 66 66 66 33 33 66 66 66 66 33 33 33 66 66 66 33 33 66 66 66 66 33 33 33 66 66 66 33 33 66 66 66 66 33 33 66 66 66 33 33 33 66 66 66 66 33 33 66 
66 66 33 33 33 66 66 66 33 33 66 66 66 66 33 33 33 66 66 66 33 33 66 66 66 66 33 33 33 66 66 66 33 33 66 66 66 66 33 33 66 66 66 33 33 33 66 66 66 66 33 33 66 66 66 33 33 33 66 66 66 33 33 33 
66 66 66 33 33 33 66 66 66 33 33 33 66 66 66 33 33 33 66 66 66 33 33 33 66 66 66 33 33 66 66 66 66 33 33 33 66 66 66 33 33 66 66 66 66 33 33 66 66 66 33 33 33 66 66 66 66 33 33 66 66 66 33 33 
33 66 66 66 33 33 33 66 66 66 33 33 33 66 66 66 33 33 66 66 66 66 33 33 33 66 66 66 33 33 66 66 66 66 33 33 66 66 66 33 33 33 66 66 66 66 33 33 66 66 66 33 33 33 66 66 66 66 33 33 66 66 66 33 
33 33 66 66 66 33 33 33 66 66 66 33 33 33 66 66 66 33 33 33 66 66 66 33 33 66 66 66 66 33 33 33 66 66 66 33 33 66 66 66 66 33 33 33 66 66 66 33 33 66 66 66 66 33 33 66 66 66 33 33 33 66 66 66 
33 33 33 66 66 66 33 33 33 66 66 66 33 33 66 66 66 66 33 33 33 66 66 66 33 33 66 66 66 66 33 33 33 66 66 66 33 33 66 66 66 66 33 33 66 66 66 33 33 33 66 66 66 66 33 33 66 66 66 33 33 33 66 66 
66 33 33 33 66 66 66 33 33 33 66 66 66 33 33 33 66 66 66 33 33 33 66 66 66 33 33 33 66 66 66 33 33 66 66 66 66 33 33 33 66 66 66 33 33 66 66 66 66 33 33 66 66 66 33 33 33 66 66 66 66 33 33 66 
66 66 33 33 33 66 66 66 33 33 33 66 66 66 33 33 33 66 66 66 33 33 66 66 66 66 33 33 33 66 66 66 33 33 66 66 66 66 33 33 66 66 66 33 33 33 66 66 66 66 33 33 66 66 66 33 33 33 66 66 66 66 33 33 
66 66 66 33 33 33 66 66 66 33 33 33 66 66 66 33 33 33 66 66 66 33 33 33 66 66 66 33 33 66 66 66 66 33 33 33 66 66 66 33 33 66 66 66 66 33 33 33 66 66 66 33 33 66 66 66 66 33 33 66 66 66 33 33 
33 66 66 66 33 33 33 66 66 66 33 33 33 66 66 66 33 33 66 66 66 66 33 33 33 66 66 66 33 33 66 66 66 66 33 33 33 66 66 66 33 33 66 66 66 66 33 33 66 66 66 33 33 33 66 66 66 66 33 33 66 66 66 33 
33 33 66 66 66 33 33 33 66 66 66 33 33 33 66 66 66 33 33 33 66 66 66 33 33 33 66 66 66 33 33 33 66 66 66 33 33 66 66 66 66 33 33 33 66 66 66 33 33 66 66 66 66 33 33 66 66 66 33 33 33 66 66 66 
33 33 33 66 66 66 33 33 33 66 66 66 33 33 33 66 66 66 33 33 33 66 66 66 33 33 66 66 66 66 33 33 33 66 66 66 33 33 66 66 66 66 33 33 66 66 66 33 33 33 66 66 66 66 33 33 66 66 66 33 33 33 66 66 
66 33 33 33 66 66 66 33 33 33 66 66 66 33 33 33 66 66 66 33 33 33 66 66 66 33 33 33 66 66 66 33 33 66 66 66 66 33 33 33 66 66 66 33 33 66 66 66 66 33 33 33 66 66 66 33 33 66 66 66 66 33 33 66 
66 66 33 33 33 66 66 66 33 33 33 66 66 66 33 33 33 66 66 66 33 33 66 66 66 66 33 33 33 66 66 66 33 33 66 66 66 66 33 33 33 66 66 66 33 33 66 66 66 66 33 33 66 66 66 33 33 33 66 66 66 66 33 33 
66 66 66 33 33 33 66 66 66 33 33 33 66 66 66 33 33 33 66 66 66 33 33 33 66 66 66 33 33 33 66 66 66 33 33 33 66 66 66 33 33 66 66 66 66 33 33 33 66 66 66 33 33 66 66 66 66 33 33 66 66 66 33 33 
33 66 66 66 33 33 33 66 66 66 33 33 33 66 66 66 33 33 33 66 66 66 33 33 33 66 66 66 33 33 66 66 66 66 33 33 33 66 66 66 33 33 66 66 66 66 33 33 66 66 66 33 33 33 66 66 66 66 33 33 66 66 66 33 
33 33 66 66 66 33 33 33 66 66 66 33 33 33 66 66 66 33 33 33 66 66 66 33 33 33 66 66 66 33 33 33 66 66 66 33 33 66 66 66 66 33 33 33 66 66 66 33 33 66 66 66 66 33 33 33 66 66 66 33 33 66 66 66 
33 33 33 66 66 66 33 33 33 66 66 66 33 33 33 66 66 66 33 33 33 66 66 66 33 33 66 66 66 66 33 33 33 66 66 66 33 33 66 66 66 66 33 33 33 66 66 66 33 33 66 66 66 66 33 33 66 66 66 33 33 33 66 66 
66 33 33 33 66 66 66 33 33 33 66 66 66 33 33 33 66 66 66 33 33 33 66 66 66 33 33 33 66 66 66 33 33 33 66 66 66 33 33 33 66 66 66 33 33 66 66 66 66 33 33 33 66 66 66 33 33 66 66 66 66 33 33 66 
66 66 33 33 33 66 66 66 33 33 33 66 66 66 33 33 33 66 66 66 33 33 33 66 66 66 33 33 33 66 66 66 33 33 66 66 66 66 33 33 33 66 66 66 33 33 66 66 66 66 33 33 66 66 66 33 33 33 66 66 66 66 33 33 
66 66 66 33 33 33 66 66 66 33 33 33 66 66 66 33 33 33 66 66 66 33 33 33 66 66 66 33 33 33 66 66 66 33 33 33 66 66 66 33 33 66 66 66 66 33 33 33 66 66 66 33 33 66 66 66 66 33 33 33 66 66 66 33 
33 66 66 66 33 33 33 66 66 66 33 33 33 66 66 66 33 33 33 66 66 66 33 33 33 66 66 66 33 33 66 66 66 66 33 33 33 66 66 66 33 33 66 66 66 66 33 33 33 66 66 66 33 33 66 66 66 66 33 33 66 66 66 33 
33 33 66 66 66 33 33 33 66 66 66 33 33 33 66 66 66 33 33 33 66 66 66 33 33 33 66 66 66 33 33 33 66 66 66 33 33 33 66 66 66 33 33 33 66 66 66 33 33 66 66 66 66 33 33 33 66 66 66 33 33 66 66 66 
33 33 33 66 66 66 33 33 33 66 66 66 33 33 33 66 66 66 33 33 33 66 66 66 33 33 33 66 66 66 33 33 33 66 66 66 33 33 66 66 66 66 33 33 33 66 66 66 33 33 66 66 66 66 33 33 66 66 66 33 33 33 66 66 
66 33 33 33 66 66 66 33 33 33 66 66 66 33 33 33 66 66 66 33 33 33 66 66 66 33 33 33 66 66 66 33 33 33 66 66 66 33 33 33 66 66 66 33 33 66 66 66 66 33 33 33 66 66 66 33 33 66 66 66 66 33 33 33 
66 66 66 33 33 66 66 66 33 33 33 66 66 66 33 33 33 66 66 66 33 33 33 66 66 66 33 33 33 66 66 66 33 33 66 66 66 66 33 33 33 66 66 66 33 33 66 66 66 66 33 33 33 66 66 66 33 33 66 66 66 66 33 33 
66 66 66 33 33 33 66 66 66 33 33 33 66 66 66 33 33 33 66 66 66 33 33 33 66 66 66 33 33 33 66 66 66 33 33 33 66 66 66 33 33 33 66 66 66 33 33 33 66 66 66 33 33 66 66 66 66 33 33 33 66 66 66 33 
33 66 66 66 33 33 33 66 66 66 33 33 33 66 66 66 33 33 33 66 66 66 33 33 33 66 66 66 33 33 33 66 66 66 33 33 33 66 66 66 33 33 66 66 66 66 33 33 33 66 66 66 33 33 66 66 66 66 33 33 66 66 66 33 
33 33 66 66 66 33 33 33 66 66 66 33 33 33 66 66 66 33 33 33 66 66 66 33 33 33 66 66 66 33 33 33 66 66 66 33 33 33 66 66 66 33 33 33 66 66 66 33 33 66 66 66 66 33 33 33 66 66 66 33 33 66 66 66 
33 33 33 66 66 66 66 33 33 66 66 66 33 33 33 66 66 66 33 33 33 66 66 66 33 33 33 66 66 66 33 33 33 66 66 66 33 33 66 66 66 66 33 33 33 66 66 66 33 33 66 66 66 66 33 33 33 66 66 66 33 33 66 66 
66 33 33 33 66 66 66 33 33 33 66 66 66 33 33 33 66 66 66 33 33 33 66 66 66 33 33 33 66 66 66 33 33 33 66 66 66 33 33 33 66 66 66 33 33 33 66 66 66 33 33 33 66 66 66 33 33 66 66 66 66 33 33 33 
66 66 66 33 33 66 66 66 33 33 33 66 66 66 33 33 33 66 66 66 33 33 33 66 66 66 33 33 33 66 66 66 33 33 33 66 66 66 33 33 33 66 66 66 33 33 66 66 66 66 33 33 33 66 66 66 33 33 66 66 66 66 33 33 
66 66 66 33 33 33 66 66 66 33 33 33 66 66 66 33 33 33 66 66 66 33 33 33 66 66 66 33 33 33 66 66 66 33 33 33 66 66 66 33 33 33 66 66 66 33 33 33 66 66 66 33 33 66 66 66 66 33 33 33 66 66 66 33 
33 66 66 66 33 33 33 66 66 66 66 33 33 66 66 66 33 33 33 66 66 66 33 33 33 66 66 66 33 33 33 66 66 66 33 33 33 66 66 66 33 33 66 66 66 66 33 33 33 66 66 66 33 33 66 66 66 66 33 33 33 66 66 66 
33 33 66 66 66 33 33 33 66 66 66 33 33 33 66 66 66 33 33 33 66 66 66 33 33 33 66 66 66 33 33 33 66 66 66 33 33 33 66 66 66 33 33 33 66 66 66 33 33 33 66 66 66 33 33 33 66 66 66 33 33 66 66 66 
33 33 33 66 66 66 66 33 33 66 66 66 33 33 33 66 66 66 33 33 33 66 66 66 33 33 33 66 66 66 33 33 33 66 66 66 33 33 33 66 66 66 33 33 33 66 66 66 33 33 66 66 66 66 33 33 33 66 66 66 33 33 66 66 
66 33 33 33 66 66 66 33 33 33 66 66 66 33 33 33 66 66 66 33 33 33 66 66 66 33 33 33 66 66 66 33 33 33 66 66 66 33 33 33 66 66 66 33 33 33 66 66 66 33 33 33 66 66 66 33 33 66 66 66 66 33 33 33 
66 66 66 33 33 66 66 66 33 33 33 66 66 66 66 33 33 66 66 66 33 33 33 66 66 66 33 33 33 66 66 66 33 33 33 66 66 66 33 33 33 66 66 66 33 33 66 66 66 66 33 33 33 66 66 66 33 33 66 66 66 66 33 33 
66 66 66 66 33 33 66 66 66 33 33 33 66 66 66 33 33 33 66 66 66 33 33 33 66 66 66 33 33 33 66 66 66 33 33 33 66 66 66 33 33 33 66 66 66 33 33 33 66 66 66 33 33 33 66 66 66 33 33 33 66 66 66 33 
33 66 66 66 33 33 33 66 66 66 66 33 33 66 66 66 33 33 33 66 66 66 33 33 33 66 66 66 33 33 33 66 66 66 33 33 33 66 66 66 33 33 33 66 66 66 33 33 33 66 66 66 33 33 66 66 66 66 33 33 33 66 66 66 
33 33 66 66 66 33 33 33 66 66 66 33 33 33 66 66 66 33 33 33 66 66 66 33 33 33 66 66 66 33 33 33 66 66 66 33 33 33 66 66 66 33 33 33 66 66 66 33 33 33 66 66 66 33 33 33 66 66 66 33 33 66 66 66 
33 33 33 66 66 66 66 33 33 66 66 66 33 33 33 66 66 66 66 33 33 66 66 66 33 33 33 66 66 66 33 33 33 66 66 66 33 33 33 66 66 66 33 33 33 66 66 66 33 33 66 66 66 66 33 33 33 66 66 66 33 33 66 66 
66 33 33 33 66 66 66 66 33 33 66 66 66 33 33 33 66 66 66 33 33 33 66 66 66 33 33 33 66 66 66 33 33 33 66 66 66 33 33 33 66 66 66 33 33 33 66 66 66 33 33 33 66 66 66 33 33 33 66 66 66 33 33 33 
66 66 66 33 33 66 66 66 33 33 33 66 66 66 66 33 33 66 66 66 33 33 33 66 66 66 33 33 33 66 66 66 33 33 33 66 66 66 33 33 33 66 66 66 33 33 33 66 66 66 33 33 33 66 66 66 33 33 66 66 66 66 33 33 
66 66 66 66 33 33 66 66 66 33 33 33 66 66 66 33 33 33 66 66 66 33 33 33 66 66 66 33 33 33 66 66 66 33 33 33 66 66 66 33 33 33 66 66 66 33 33 33 66 66 66 33 33 33 66 66 66 33 33 33 66 66 66 33 
33 66 66 66 33 33 33 66 66 66 66 33 33 66 66 66 33 33 33 66 66 66 66 33 33 66 66 66 33 33 33 66 66 66 33 33 33 66 66 66 33 33 33 66 66 66 33 33 33 66 66 66 33 33 66 66 66 66 33 33 33 66 66 66 
33 33 66 66 66 33 33 33 66 66 66 66 33 33 66 66 66 33 33 33 66 66 66 33 33 33 66 66 66 33 33 33 66 66 66 33 33 33 66 66 66 33 33 33 66 66 66 33 33 33 66 66 66 33 33 33 66 66 66 33 33 33 66 66 
66 33 33 66 66 66 66 33 33 66 66 66 33 33 33 66 66 66 66 33 33 66 66 66 33 33 33 66 66 66 33 33 33 66 66 66 33 33 33 66 66 66 33 33 33 66 66 66 33 33 33 66 66 66 33 33 33 66 66 66 33 33 66 66 
66 33 33 33 66 66 66 66 33 33 66 66 66 33 33 33 66 66 66 33 33 33 66 66 66 33 33 33 66 66 66 33 33 33 66 66 66 33 33 33 66 66 66 33 33 33 66 66 66 33 33 33 66 66 66 33 33 33 66 66 66 33 33 33 
66 66 66 33 33 66 66 66 33 33 33 66 66 66 66 33 33 66 66 66 33 33 33 66 66 66 66 33 33 66 66 66 33 33 33 66 66 66 33 33 33 66 66 66 33 33 33 66 66 66 33 33 33 66 66 66 33 33 66 66 66 66 33 33 
66 66 66 66 33 33 66 66 66 33 33 33 66 66 66 66 33 33 66 66 66 33 33 33 66 66 66 33 33 33 66 66 66 33 33 33 66 66 66 33 33 33 66 66 66 33 33 33 66 66 66 33 33 33 66 66 66 33 33 33 66 66 66 33 
33 33 66 66 66 33 33 66 66 66 66 33 33 66 66 66 33 33 33 66 66 66 66 33 33 66 66 66 33 33 33 66 66 66 33 33 33 66 66 66 33 33 33 66 66 66 33 33 33 66 66 66 33 33 33 66 66 66 33 33 33 66 66 66 
33 33 66 66 66 33 33 33 66 66 66 66 33 33 66 66 66 33 33 33 66 66 66 33 33 33 66 66 66 33 33 33 66 66 66 33 33 33 66 66 66 33 33 33 66 66 66 33 33 33 66 66 66 33 33 33 66 66 66 33 33 33 66 66 
66 33 33 66 66 66 66 33 33 66 66 66 33 33 33 66 66 66 66 33 33 66 66 66 33 33 33 66 66 66 66 33 33 66 66 66 33 33 33 66 66 66 33 33 33 66 66 66 33 33 33 66 66 66 33 33 33 66 66 66 33 33 66 66 
66 33 33 33 66 66 66 66 33 33 66 66 66 33 33 33 66 66 66 66 33 33 66 66 66 33 33 33 66 66 66 33 33 33 66 66 66 33 33 33 66 66 66 33 33 33 66 66 66 33 33 33 66 66 66 33 33 33 66 66 66 33 33 33 
66 66 66 33 33 33 66 66 66 33 33 66 66 66 66 33 33 66 66 66 33 33 33 66 66 66 66 33 33 66 66 66 33 33 33 66 66 66 33 33 33 66 66 66 33 33 33 66 66 66 33 33 33 66 66 66 33 33 33 66 66 66 33 33 
66 66 66 66 33 33 66 66 66 33 33 33 66 66 66 66 33 33 66 66 66 33 33 33 66 66 66 33 33 33 66 66 66 33 33 33 66 66 66 33 33 33 66 66 66 33 33 33 66 66 66 33 33 33 66 66 66 33 33 33 66 66 66 33 
33 33 66 66 66 33 33 66 66 66 66 33 33 66 66 66 33 33 33 66 66 66 66 33 33 66 66 66 33 33 33 66 66 66 66 33 33 66 66 66 33 33 33 66 66 66 33 33 33 66 66 66 33 33 33 66 66 66 33 33 33 66 66 66 
33 33 66 66 66 33 33 33 66 66 66 66 33 33 66 66 66 33 33 33 66 66 66 66 33 33 66 66 66 33 33 33 66 66 66 33 33 33 66 66 66 33 33 33 66 66 66 33 33 33 66 66 66 33 33 33 66 66 66 33 33 33 66 66 
66 33 33 66 66 66 66 33 33 33 66 66 66 33 33 66 66 66 66 33 33 66 66 66 33 33 33 66 66 66 66 33 33 66 66 66 33 33 33 66 66 66 33 33 33 66 66 66 33 33 33 66 66 66 33 33 33 66 66 66 33 33 33 66 
66 66 33 33 66 66 66 66 33 33 66 66 66 33 33 33 66 66 66 66 33 33 66 66 66 33 33 33 66 66 66 33 33 33 66 66 66 33 33 33 66 66 66 33 33 33 66 66 66 33 33 33 66 66 66 33 33 33 66 66 66 33 33 33 
66 66 66 33 33 33 66 66 66 33 33 66 66 66 66 33 33 66 66 66 33 33 33 66 66 66 66 33 33 66 66 66 33 33 33 66 66 66 66 33 33 66 66 66 33 33 33 66 66 66 33 33 33 66 66 66 33 33 33 66 66 66 33 33 
66 66 66 66 33 33 66 66 66 33 33 33 66 66 66 66 33 33 66 66 66 33 33 33 66 66 66 66 33 33 66 66 66 33 33 33 66 66 66 33 33 33 66 66 66 33 33 33 66 66 66 33 33 33 66 66 66 33 33 33 66 66 66 33 
33 33 66 66 66 33 33 66 66 66 66 33 33 33 66 66 66 33 33 66 66 66 66 33 33 66 66 66 33 33 33 66 66 66 66 33 33 66 66 66 33 33 33 66 66 66 33 33 33 66 66 66 33 33 33 66 66 66 33 33 33 66 66 66 
33 33 33 66 66 66 33 33 66 66 66 66 33 33 66 66 66 33 33 33 66 66 66 66 33 33 66 66 66 33 33 33 66 66 66 33 33 33 66 66 66 33 33 33 66 66 66 33 33 33 66 66 66 33 33 33 66 66 66 33 33 33 66 66 
66 33 33 66 66 66 66 33 33 33 66 66 66 33 33 66 66 66 66 33 33 66 66 66 33 33 33 66 66 66 66 33 33 66 66 66 33 33 33 66 66 66 66 33 33 66 66 66 33 33 33 66 66 66 33 33 33 66 66 66 33 33 33 66 
66 66 33 33 66 66 66 66 33 33 66 66 66 33 33 33 66 66 66 66 33 33 66 66 66 33 33 33 66 66 66 66 33 33 66 66 66 33 33 33 66 66 66 33 33 33 66 66 66 33 33 33 66 66 66 33 33 33 66 66 66 33 33 33 
66 66 66 33 33 33 66 66 66 33 33 66 66 66 66 33 33 33 66 66 66 33 33 66 66 66 66 33 33 66 66 66 33 33 33 66 66 66 66 33 33 66 66 66 33 33 33 66 66 66 33 33 33 66 66 66 33 33 33 66 66 66 33 33 
66 66 66 66 33 33 33 66 66 66 33 33 66 66 66 66 33 33 66 66 66 33 33 33 66 66 66 66 33 33 66 66 66 33 33 33 66 66 66 33 33 33 66 66 66 33 33 33 66 66 66 33 33 33 66 66 66 33 33 33 66 66 66 33 
33 33 66 66 66 33 33 66 66 66 66 33 33 33 66 66 66 33 33 66 66 66 66 33 33 66 66 66 33 33 33 66 66 66 66 33 33 66 66 66 33 33 33 66 66 66 66 33 33 66 66 66 33 33 33 66 66 66 33 33 33 66 66 66 
33 33 33 66 66 66 33 33 66 66 66 66 33 33 66 66 66 33 33 33 66 66 66 66 33 33 66 66 66 33 33 33 66 66 66 66 33 33 66 66 66 33 33 33 66 66 66 33 33 33 66 66 66 33 33 33 66 66 66 33 33 33 66 66 
66 33 33 66 66 66 66 33 33 33 66 66 66 33 33 66 66 66 66 33 33 33 66 66 66 33 33 66 66 66 66 33 33 66 66 66 33 33 33 66 66 66 66 33 33 66 66 66 33 33 33 66 66 66 33 33 33 66 66 66 33 33 33 66 
66 66 33 33 66 66 66 66 33 33 33 66 66 66 33 33 66 66 66 66 33 33 66 66 66 33 33 33 66 66 66 66 33 33 66 66 66 33 33 33 66 66 66 33 33 33 66 66 66 33 33 33 66 66 66 33 33 33 66 66 66 33 33 33 
66 66 66 33 33 33 66 66 66 33 33 66 66 66 66 33 33 33 66 66 66 33 33 66 66 66 66 33 33 66 66 66 33 33 33 66 66 66 66 33 33 66 66 66 33 33 33 66 66 66 66 33 33 66 66 66 33 33 33 66 66 66 33 33 
66 66 66 66 33 33 33 66 66 66 33 33 66 66 66 66 33 33 66 66 66 33 33 33 66 66 66 66 33 33 66 66 66 33 33 33 66 66 66 66 33 33 66 66 66 33 33 33 66 66 66 33 33 33 66 66 66 33 33 33 66 66 66 33 
33 33 66 66 66 33 33 66 66 66 66 33 33 33 66 66 66 33 33 66 66 66 66 33 33 33 66 66 66 33 33 66 66 66 66 33 33 66 66 66 33 33 33 66 66 66 66 33 33 66 66 66 33 33 33 66 66 66 33 33 33 66 66 66 
33 33 33 66 66 66 33 33 66 66 66 66 33 33 33 66 66 66 33 33 66 66 66 66 33 33 66 66 66 33 33 33 66 66 66 66 33 33 66 66 66 33 33 33 66 66 66 33 33 33 66 66 66 33 33 33 66 66 66 33 33 33 66 66 
66 33 33 33 66 66 66 33 33 33 66 66 66 33 33 66 66 66 66 33 33 33 66 66 66 33 33 66 66 66 66 33 33 66 66 66 33 33 33 66 66 66 66 33 33 66 66 66 33 33 33 66 66 66 66 33 33 66 66 66 33 33 33 66 
66 66 33 33 66 66 66 66 33 33 33 66 66 66 33 33 66 66 66 66 33 33 66 66 66 33 33 33 66 66 66 66 33 33 66 66 66 33 33 33 66 66 66 66 33 33 66 66 66 33 33 33 66 66 66 33 33 33 66 66 66 33 33 33 
66 66 66 33 33 33 66 66 66 33 33 66 66 66 66 33 33 33 66 66 66 33 33 66 66 66 66 33 33 33 66 66 66 33 33 66 66 66 66 33 33 66 66 66 33 33 33 66 66 66 66 33 33 66 66 66 33 33 33 66 66 66 33 33 
66 66 66 66 33 33 33 66 66 66 33 33 66 66 66 66 33 33 33 66 66 66 33 33 66 66 66 66 33 33 66 66 66 33 33 33 66 66 66 66 33 33 66 66 66 33 33 33 66 66 66 33 33 33 66 66 66 33 33 33 66 66 66 33 
33 33 66 66 66 33 33 33 66 66 66 33 33 33 66 66 66 33 33 66 66 66 66 33 33 33 66 66 66 33 33 66 66 66 66 33 33 66 66 66 33 33 33 66 66 66 66 33 33 66 66 66 33 33 33 66 66 66 66 33 33 66 66 66 
33 33 33 66 66 66 33 33 66 66 66 66 33 33 33 66 66 66 33 33 66 66 66 66 33 33 66 66 66 33 33 33 66 66 66 66 33 33 66 66 66 33 33 33 66 66 66 66 33 33 66 66 66 33 33 33 66 66 66 33 33 33 66 66 
66 33 33 33 66 66 66 33 33 33 66 66 66 33 33 66 66 66 66 33 33 33 66 66 66 33 33 66 66 66 66 33 33 33 66 66 66 33 33 66 66 66 66 33 33 66 66 66 33 33 33 66 66 66 66 33 33 66 66 66 33 33 33 66 
66 66 33 33 66 66 66 66 33 33 33 66 66 66 33 33 66 66 66 66 33 33 33 66 66 66 33 33 66 66 66 66 33 33 66 66 66 33 33 33 66 66 66 66 33 33 66 66 66 33 33 33 66 66 66 33 33 33 66 66 66 33 33 33 
66 66 66 33 33 33 66 66 66 33 33 33 66 66 66 33 33 33 66 66 66 33 33 66 66 66 66 33 33 33 66 66 66 33 33 66 66 66 66 33 33 66 66 66 33 33 33 66 66 66 66 33 33 66 66 66 33 33 33 66 66 66 66 33 
33 66 66 66 33 33 33 66 66 66 33 33 66 66 66 66 33 33 33 66 66 66 33 33 66 66 66 66 33 33 66 66 66 33 33 33 66 66 66 66 33 33 66 66 66 33 33 33 66 66 66 66 33 33 66 66 66 33 33 33 66 66 66 33 
33 33 66 66 66 33 33 33 66 66 66 33 33 33 66 66 66 33 33 66 66 66 66 33 33 33 66 66 66 33 33 66 66 66 66 33 33 33 66 66 66 33 33 66 66 66 66 33 33 66 66 66 33 33 33 66 66 66 66 33 33 66 66 66 
33 33 33 66 66 66 33 33 66 66 66 66 33 33 33 66 66 66 33 33 66 66 66 66 33 33 33 66 66 66 33 33 66 66 66 66 33 33 66 66 66 33 33 33 66 66 66 66 33 33 66 66 66 33 33 33 66 66 66 33 33 33 66 66 
66 33 33 33 66 66 66 33 33 33 66 66 66 33 33 33 66 66 66 33 33 33 66 66 66 33 33 66 66 66 66 33 33 33 66 66 66 33 33 66 66 66 66 33 33 66 66 66 33 33 33 66 66 66 66 33 33 66 66 66 33 33 33 66 
66 66 33 33 33 66 66 66 33 33 33 66 66 66 33 33 66 66 66 66 33 33 33 66 66 66 33 33 66 66 66 66 33 33 66 66 66 33 33 33 66 66 66 66 33 33 66 66 66 33 33 33 66 66 66 66 33 33 66 66 66 33 33 33 
66 66 66 33 33 33 66 66 66 33 33 33 66 66 66 33 33 33 66 66 66 33 33 66 66 66 66 33 33 33 66 66 66 33 33 66 66 66 66 33 33 33 66 66 66 33 33 66 66 66 66 33 33 66 66 66 33 33 33 66 66 66 66 33 
33 66 66 66 33 33 33 66 66 66 33 33 66 66 66 66 33 33 33 66 66 66 33 33 66 66 66 66 33 33 33 66 66 66 33 33 66 66 66 66 33 33 66 66 66 33 33 33 66 66 66 66 33 33 66 66 66 33 33 33 66 66 66 33 
33 33 66 66 66 33 33 33 66 66 66 33 33 33 66 66 66 33 33 33 66 66 66 33 33 33 66 66 66 33 33 66 66 66 66 33 33 33 66 66 66 33 33 66 66 66 66 33 33 66 66 66 33 33 33 66 66 66 66 33 33 66 66 66 
33 33 33 66 66 66 33 33 33 66 66 66 33 33 33 66 66 66 33 33 66 66 66 66 33 33 33 66 66 66 33 33 66 66 66 66 33 33 66 66 66 33 33 33 66 66 66 66 33 33 66 66 66 33 33 33 66 66 66 66 33 33 66 66 
66 33 33 33 66 66 66 33 33 33 66 66 66 33 33 33 66 66 66 33 33 33 66 66 66 33 33 66 66 66 66 33 33 33 66 66 66 33 33 66 66 66 66 33 33 33 66 66 66 33 33 66 66 66 66 33 33 66 66 66 33 33 33 66 
66 66 33 33 33 66 66 66 33 33 33 66 66 66 33 33 66 66 66 66 33 33 33 66 66 66 33 33 66 66 66 66 33 33 33 66 66 66 33 33 66 66 66 66 33 33 66 66 66 33 33 33 66 66 66 66 33 33 66 66 66 33 33 33 
66 66 66 33 33 33 66 66 66 33 33 33 66 66 66 33 33 33 66 66 66 33 33 33 66 66 66 33 33 33 66 66 66 33 33 66 66 66 66 33 33 33 66 66 66 33 33 66 66 66 66 33 33 66 66 66 33 33 33 66 66 66 66 33 
33 66 66 66 33 33 33 66 66 66 33 33 33 66 66 66 33 33 33 66 66 66 33 33 66 66 66 66 33 33 33 66 66 66 33 33 66 66 66 66 33 33 66 66 66 33 33 33 66 66 66 66 33 33 66 66 66 33 33 33 66 66 66 66 
33 33 66 66 66 33 33 33 66 66 66 33 33 33 66 66 66 33 33 33 66 66 66 33 33 33 66 66 66 33 33 66 66 66 66 33 33 33 66 66 66 33 33 66 66 66 66 33 33 33 66 66 66 33 33 66 66 66 66 33 33 66 66 66 
33 33 33 66 66 66 33 33 33 66 66 66 33 33 33 66 66 66 33 33 66 66 66 66 33 33 33 66 66 66 33 33 66 66 66 66 33 33 33 66 66 66 33 33 66 66 66 66 33 33 66 66 66 33 33 33 66 66 66 66 33 33 66 66 
66 33 33 33 66 66 66 33 33 33 66 66 66 33 33 33 66 66 66 33 33 33 66 66 66 33 33 33 66 66 66 33 33 33 66 66 66 33 33 66 66 66 66 33 33 33 66 66 66 33 33 66 66 66 66 33 33 66 66 66 33 33 33 66 
66 66 33 33 33 66 66 66 33 33 33 66 66 66 33 33 33 66 66 66 33 33 33 66 66 66 33 33 66 66 66 66 33 33 33 66 66 66 33 33 66 66 66 66 33 33 66 66 66 33 33 33 66 66 66 66 33 33 66 66 66 33 33 33 
66 66 66 33 33 33 66 66 66 33 33 33 66 66 66 33 33 33 66 66 66 33 33 33 66 66 66 33 33 33 66 66 66 33 33 66 66 66 66 33 33 33 66 66 66 33 33 66 66 66 66 33 33 33 66 66 66 33 33 66 66 66 66 33 
33 66 66 66 33 33 33 66 66 66 33 33 33 66 66 66 33 33 33 66 66 66 33 33 66 66 66 66 33 33 33 66 66 66 33 33 66 66 66 66 33 33 33 66 66 66 33 33 66 66 66 66 33 33 66 66 66 33 33 33 66 66 66 66 
33 33 66 66 66 33 33 33 66 66 66 33 33 33 66 66 66 33 33 33 66 66 66 33 33 33 66 66 66 33 33 33 66 66 66 33 33 33 66 66 66 33 33 66 66 66 66 33 33 33 66 66 66 33 33 66 66 66 66 33 33 66 66 66 
33 33 33 66 66 66 33 33 33 66 66 66 33 33 33 66 66 66 33 33 33 66 66 66 33 33 33 66 66 66 33 33 66 66 66 66 33 33 33 66 66 66 33 33 66 66 66 66 33 33 66 66 66 33 33 33 66 66 66 66 33 33 66 66 
66 33 33 33 66 66 66 33 33 33 66 66 66 33 33 33 66 66 66 33 33 33 66 66 66 33 33 33 66 66 66 33 33 33 66 66 66 33 33 66 66 66 66 33 33 33 66 66 66 33 33 66 66 66 66 33 33 33 66 66 66 33 33 66 
66 66 33 33 33 66 66 66 33 33 33 66 66 66 33 33 33 66 66 66 33 33 33 66 66 66 33 33 66 66 66 66 33 33 33 66 66 66 33 33 66 66 66 66 33 33 33 66 66 66 33 33 66 66 66 66 33 33 66 66 66 33 33 33 
66 66 66 33 33 33 66 66 66 33 33 33 66 66 66 33 33 33 66 66 66 33 33 33 66 66 66 33 33 33 66 66 66 33 33 33 66 66 66 33 33 33 66 66 66 33 33 66 66 66 66 33 33 33 66 66 66 33 33 66 66 66 66 33 
33 66 66 66 33 33 33 66 66 66 33 33 33 66 66 66 33 33 33 66 66 66 33 33 33 66 66 66 33 33 33 66 66 66 33 33 66 66 66 66 33 33 33 66 66 66 33 33 66 66 66 66 33 33 66 66 66 33 33 33 66 66 66 66 
33 33 66 66 66 33 33 33 66 66 66 33 33 33 66 66 66 33 33 33 66 66 66 33 33 33 66 66 66 33 33 33 66 66 66 33 33 33 66 66 66 33 33 66 66 66 66 33 33 33 66 66 66 33 33 66 66 66 66 33 33 33 66 66 
66 33 33 66 66 66 33 33 33 66 66 66 33 33 33 66 66 66 33 33 33 66 66 66 33 33 33 66 66 66 33 33 66 66 66 66 33 33 33 66 66 66 33 33 66 66 66 66 33 33 33 66 66 66 33 33 66 66 66 66 33 33 66 66 
66 33 33 33 66 66 66 33 33 33 66 66 66 33 33 33 66 66 66 33 33 33 66 66 66 33 33 33 66 66 66 33 33 33 66 66 66 33 33 33 66 66 66 33 33 33 66 66 66 33 33 66 66 66 66 33 33 33 66 66 66 33 33 66 
66 66 33 33 33 66 66 66 33 33 33 66 66 66 33 33 33 66 66 66 33 33 33 66 66 66 33 33 33 66 66 66 33 33 33 66 66 66 33 33 66 66 66 66 33 33 33 66 66 66 33 33 66 66 66 66 33 33 66 66 66 33 33 33 
66 66 66 33 33 33 66 66 66 33 33 33 66 66 66 33 33 33 66 66 66 33 33 33 66 66 66 33 33 33 66 66 66 33 33 33 66 66 66 33 33 33 66 66 66 33 33 66 66 66 66 33 33 33 66 66 66 33 33 66 66 66 66 33 
33 66 66 66 66 33 33 66 66 66 33 33 33 66 66 66 33 33 33 66 66 66 33 33 33 66 66 66 33 33 33 66 66 66 33 33 66 66 66 66 33 33 33 66 66 66 33 33 66 66 66 66 33 33 33 66 66 66 33 33 66 66 66 66 
33 33 66 66 66 33 33 33 66 66 66 33 33 33 66 66 66 33 33 33 66 66 66 33 33 33 66 66 66 33 33 33 66 66 66 33 33 33 66 66 66 33 33 33 66 66 66 33 33 33 66 66 66 33 33 66 66 66 66 33 33 33 66 66 
66 33 33 66 66 66 33 33 33 66 66 66 33 33 33 66 66 66 33 33 33 66 66 66 33 33 33 66 66 66 33 33 33 66 66 66 33 33 33 66 66 66 33 33 66 66 66 66 33 33 33 66 66 66 33 33 66 66 66 66 33 33 66 66 
66 33 33 33 66 66 66 33 33 33 66 66 66 33 33 33 66 66 66 33 33 33 66 66 66 33 33 33 66 66 66 33 33 33 66 66 66 33 33 33 66 66 66 33 33 33 66 66 66 33 33 66 66 66 66 33 33 33 66 66 66 33 33 66 
66 66 33 33 33 66 66 66 66 33 33 66 66 66 33 33 33 66 66 66 33 33 33 66 66 66 33 33 33 66 66 66 33 33 33 66 66 66 33 33 66 66 66 66 33 33 33 66 66 66 33 33 66 66 66 66 33 33 33 66 66 66 33 33 
66 66 66 33 33 33 66 66 66 33 33 33 66 66 66 33 33 33 66 66 66 33 33 33 66 66 66 33 33 33 66 66 66 33 33 33 66 66 66 33 33 33 66 66 66 33 33 33 66 66 66 33 33 33 66 66 66 33 33 66 66 66 66 33 
33 66 66 66 66 33 33 66 66 66 33 33 33 66 66 66 33 33 33 66 66 66 33 33 33 66 66 66 33 33 33 66 66 66 33 33 33 66 66 66 33 33 33 66 66 66 33 33 66 66 66 66 33 33 33 66 66 66 33 33 66 66 66 66 
33 33 66 66 66 33 33 33 66 66 66 33 33 33 66 66 66 33 33 33 66 66 66 33 33 33 66 66 66 33 33 33 66 66 66 33 33 33 66 66 66 33 33 33 66 66 66 33 33 33 66 66 66 33 33 66 66 66 66 33 33 33 66 66 
66 33 33 66 66 66 33 33 33 66 66 66 66 33 33 66 66 66 33 33 33 66 66 66 33 33 33 66 66 66 33 33 33 66 66 66 33 33 33 66 66 66 33 33 66 66 66 66 33 33 33 66 66 66 33 33 66 66 66 66 33 33 33 66 
66 66 33 33 66 66 66 33 33 33 66 66 66 33 33 33 66 66 66 33 33 33 66 66 66 33 33 33 66 66 66 33 33 33 66 66 66 33 33 33 66 66 66 33 33 33 66 66 66 33 33 33 66 66 66 33 33 33 66 66 66 33 33 66 
66 66 33 33 33 66 66 66 66 33 33 66 66 66 33 33 33 66 66 66 33 33 33 66 66 66 33 33 33 66 66 66 33 33 33 66 66 66 33 33 33 66 66 66 33 33 33 66 66 66 33 33 66 66 66 66 33 33 33 66 66 66 33 33 
66 66 66 33 33 33 66 66 66 33 33 33 66 66 66 33 33 33 66 66 66 33 33 33 66 66 66 33 33 33 66 66 66 33 33 33 66 66 66 33 33 33 66 66 66 33 33 33 66 66 66 33 33 33 66 66 66 33 33 66 66 66 66 33 
33 66 66 66 66 33 33 66 66 66 33 33 33 66 66 66 66 33 33 66 66 66 33 33 33 66 66 66 33 33 33 66 66 66 33 33 33 66 66 66 33 33 33 66 66 66 33 33 66 66 66 66 33 33 33 66 66 66 33 33 66 66 66 66 
33 33 66 66 66 66 33 33 66 66 66 33 33 33 66 66 66 33 33 33 66 66 66 33 33 33 66 66 66 33 33 33 66 66 66 33 33 33 66 66 66 33 33 33 66 66 66 33 33 33 66 66 66 33 33 33 66 66 66 33 33 33 66 66 
66 33 33 66 66 66 33 33 33 66 66 66 66 33 33 66 66 66 33 33 33 66 66 66 33 33 33 66 66 66 33 33 33 66 66 66 33 33 33 66 66 66 33 33 33 66 66 66 33 33 33 66 66 66 33 33 66 66 66 66 33 33 33 66 
66 66 33 33 66 66 66 33 33 33 66 66 66 33 33 33 66 66 66 33 33 33 66 66 66 33 33 33 66 66 66 33 33 33 66 66 66 33 33 33 66 66 66 33 33 33 66 66 66 33 33 33 66 66 66 33 33 33 66 66 66 33 33 66 
66 66 33 33 33 66 66 66 66 33 33 66 66 66 33 33 33 66 66 66 66 33 33 66 66 66 33 33 33 66 66 66 33 33 33 66 66 66 33 33 33 66 66 66 33 33 33 66 66 66 33 33 66 66 66 66 33 33 33 66 66 66 33 33 
66 66 66 33 33 33 66 66 66 66 33 33 66 66 66 33 33 33 66 66 66 33 33 33 66 66 66 33 33 33 66 66 66 33 33 33 66 66 66 33 33 33 66 66 66 33 33 33 66 66 66 33 33 33 66 66 66 33 33 33 66 66 66 33 
33 66 66 66 66 33 33 66 66 66 33 33 33 66 66 66 66 33 33 66 66 66 33 33 33 66 66 66 33 33 33 66 66 66 33 33 33 66 66 66 33 33 33 66 66 66 33 33 33 66 66 66 33 33 33 66 66 66 33 33 66 66 66 66 
33 33 66 66 66 66 33 33 66 66 66 33 33 33 66 66 66 33 33 33 66 66 66 33 33 33 66 66 66 33 33 33 66 66 66 33 33 33 66 66 66 33 33 33 66 66 66 33 33 33 66 66 66 33 33 33 66 66 66 33 33 33 66 66 
66 33 33 66 66 66 33 33 33 66 66 66 66 33 33 66 66 66 33 33 33 66 66 66 66 33 33 66 66 66 33 33 33 66 66 66 33 33 33 66 66 66 33 33 33 66 66 66 33 33 33 66 66 66 33 33 66 66 66 66 33 33 33 66 
66 66 33 33 66 66 66 33 33 33 66 66 66 66 33 33 66 66 66 33 33 33 66 66 66 33 33 33 66 66 66 33 33 33 66 66 66 33 33 33 66 66 66 33 33 33 66 66 66 33 33 33 66 66 66 33 33 33 66 66 66 33 33 33 
66 66 66 33 33 66 66 66 66 33 33 66 66 66 33 33 33 66 66 66 66 33 33 66 66 66 33 33 33 66 66 66 33 33 33 66 66 66 33 33 33 66 66 66 33 33 33 66 66 66 33 33 33 66 66 66 33 33 33 66 66 66 33 33 
66 66 66 33 33 33 66 66 66 66 33 33 66 66 66 33 33 33 66 66 66 33 33 33 66 66 66 33 33 33 66 66 66 33 33 33 66 66 66 33 33 33 66 66 66 33 33 33 66 66 66 33 33 33 66 66 66 33 33 33 66 66 66 33 
33 66 66 66 66 33 33 66 66 66 33 33 33 66 66 66 66 33 33 66 66 66 33 33 33 66 66 66 66 33 33 66 66 66 33 33 33 66 66 66 33 33 33 66 66 66 33 33 33 66 66 66 33 33 33 66 66 66 33 33 66 66 66 66 
33 33 66 66 66 66 33 33 66 66 66 33 33 33 66 66 66 66 33 33 66 66 66 33 33 33 66 66 66 33 33 33 66 66 66 33 33 33 66 66 66 33 33 33 66 66 66 33 33 33 66 66 66 33 33 33 66 66 66 33 33 33 66 66 
66 33 33 33 66 66 66 33 33 66 66 66 66 33 33 66 66 66 33 33 33 66 66 66 66 33 33 66 66 66 33 33 33 66 66 66 33 33 33 66 66 66 33 33 33 66 66 66 33 33 33 66 66 66 33 33 33 66 66 66 33 33 33 66 
66 66 33 33 66 66 66 33 33 33 66 66 66 66 33 33 66 66 66 33 33 33 66 66 66 33 33 33 66 66 66 33 33 33 66 66 66 33 33 33 66 66 66 33 33 33 66 66 66 33 33 33 66 66 66 33 33 33 66 66 66 33 33 33 
66 66 66 33 33 66 66 66 66 33 33 66 66 66 33 33 33 66 66 66 66 33 33 66 66 66 33 33 33 66 66 66 66 33 33 66 66 66 33 33 33 66 66 66 33 33 33 66 66 66 33 33 33 66 66 66 33 33 33 66 66 66 33 33 
66 66 66 33 33 33 66 66 66 66 33 33 66 66 66 33 33 33 66 66 66 66 33 33 66 66 66 33 33 33 66 66 66 33 33 33 66 66 66 33 33 33 66 66 66 33 33 33 66 66 66 33 33 33 66 66 66 33 33 33 66 66 66 33 
33 66 66 66 66 33 33 33 66 66 66 33 33 66 66 66 66 33 33 66 66 66 33 33 33 66 66 66 66 33 33 66 66 66 33 33 33 66 66 66 33 33 33 66 66 66 33 33 33 66 66 66 33 33 33 66 66 66 33 33 33 66 66 66 
33 33 66 66 66 66 33 33 66 66 66 33 33 33 66 66 66 66 33 33 66 66 66 33 33 33 66 66 66 33 33 33 66 66 66 33 33 33 66 66 66 33 33 33 66 66 66 33 33 33 66 66 66 33 33 33 66 66 66 33 33 33 66 66 
66 33 33 33 66 66 66 33 33 66 66 66 66 33 33 66 66 66 33 33 33 66 66 66 66 33 33 66 66 66 33 33 33 66 66 66 66 33 33 66 66 66 33 33 33 66 66 66 33 33 33 66 66 66 33 33 33 66 66 66 33 33 33 66 
66 66 33 33 66 66 66 33 33 33 66 66 66 66 33 33 66 66 66 33 33 33 66 66 66 66 33 33 66 66 66 33 33 33 66 66 66 33 33 33 66 66 66 33 33 33 66 66 66 33 33 33 66 66 66 33 33 33 66 66 66 33 33 33 
66 66 66 33 33 66 66 66 66 33 33 33 66 66 66 33 33 66 66 66 66 33 33 66 66 66 33 33 33 66 66 66 66 33 33 66 66 66 33 33 33 66 66 66 33 33 33 66 66 66 33 33 33 66 66 66 33 33 33 66 66 66 33 33 
33 66 66 66 33 33 66 66 66 66 33 33 66 66 66 33 33 33 66 66 66 66 33 33 66 66 66 33 33 33 66 66 66 33 33 33 66 66 66 33 33 33 66 66 66 33 33 33 66 66 66 33 33 33 66 66 66 33 33 33 66 66 66 33 
33 66 66 66 66 33 33 33 66 66 66 33 33 66 66 66 66 33 33 66 66 66 33 33 33 66 66 66 66 33 33 66 66 66 33 33 33 66 66 66 66 33 33 66 66 66 33 33 33 66 66 66 33 33 33 66 66 66 33 33 33 66 66 66 
33 33 66 66 66 66 33 33 66 66 66 33 33 33 66 66 66 66 33 33 66 66 66 33 33 33 66 66 66 66 33 33 66 66 66 33 33 33 66 66 66 33 33 33 66 66 66 33 33 33 66 66 66 33 33 33 66 66 66 33 33 33 66 66 
66 33 33 33 66 66 66 33 33 66 66 66 66 33 33 33 66 66 66 33 33 66 66 66 66 33 33 66 66 66 33 33 33 66 66 66 66 33 33 66 66 66 33 33 33 66 66 66 33 33 33 66 66 66 33 33 33 66 66 66 33 33 33 66 
66 66 33 33 33 66 66 66 33 33 66 66 66 66 33 33 66 66 66 33 33 33 66 66 66 66 33 33 66 66 66 33 33 33 66 66 66 33 33 33 66 66 66 33 33 33 66 66 66 33 33 33 66 66 66 33 33 33 66 66 66 33 33 33 
66 66 66 33 33 66 66 66 66 33 33 33 66 66 66 33 33 66 66 66 66 33 33 66 66 66 33 33 33 66 66 66 66 33 33 66 66 66 33 33 33 66 66 66 66 33 33 66 66 66 33 33 33 66 66 66 33 33 33 66 66 66 33 33 
33 66 66 66 33 33 66 66 66 66 33 33 66 66 66 33 33 33 66 66 66 66 33 33 66 66 66 33 33 33 66 66 66 66 33 33 66 66 66 33 33 33 66 66 66 33 33 33 66 66 66 33 33 33 66 66 66 33 33 33 66 66 66 33 
33 66 66 66 66 33 33 33 66 66 66 33 33 66 66 66 66 33 33 33 66 66 66 33 33 66 66 66 66 33 33 66 66 66 33 33 33 66 66 66 66 33 33 66 66 66 33 33 33 66 66 66 33 33 33 66 66 66 33 33 33 66 66 66 
33 33 66 66 66 66 33 33 33 66 66 66 33 33 66 66 66 66 33 33 66 66 66 33 33 33 66 66 66 66 33 33 66 66 66 33 33 33 66 66 66 33 33 33 66 66 66 33 33 33 66 66 66 33 33 33 66 66 66 33 33 33 66 66 
66 33 33 33 66 66 66 33 33 66 66 66 66 33 33 33 66 66 66 33 33 66 66 66 66 33 33 66 66 66 33 33 33 66 66 66 66 33 33 66 66 66 33 33 33 66 66 66 66 33 33 66 66 66 33 33 33 66 66 66 33 33 33 66 
66 66 33 33 33 66 66 66 33 33 66 66 66 66 33 33 66 66 66 33 33 33 66 66 66 66 33 33 66 66 66 33 33 33 66 66 66 66 33 33 66 66 66 33 33 33 66 66 66 33 33 33 66 66 66 33 33 33 66 66 66 33 33 33 
66 66 66 33 33 66 66 66 66 33 33 33 66 66 66 33 33 66 66 66 66 33 33 33 66 66 66 33 33 66 66 66 66 33 33 66 66 66 33 33 33 66 66 66 66 33 33 66 66 66 33 33 33 66 66 66 33 33 33 66 66 66 33 33 
33 66 66 66 33 33 66 66 66 66 33 33 33 66 66 66 33 33 66 66 66 66 33 33 66 66 66 33 33 33 66 66 66 66 33 33 66 66 66 33 33 33 66 66 66 33 33 33 66 66 66 33 33 33 66 66 66 33 33 33 66 66 66 33 
33 33 66 66 66 33 33 33 66 66 66 33 33 66 66 66 66 33 33 33 66 66 66 33 33 66 66 66 66 33 33 66 66 66 33 33 33 66 66 66 66 33 33 66 66 66 33 33 33 66 66 66 66 33 33 66 66 66 33 33 33 66 66 66 
33 33 66 66 66 66 33 33 33 66 66 66 33 33 66 66 66 66 33 33 66 66 66 33 33 33 66 66 66 66 33 33 66 66 66 33 33 33 66 66 66 66 33 33 66 66 66 33 33 33 66 66 66 33 33 33 66 66 66 33 33 33 66 66 
66 33 33 33 66 66 66 33 33 66 66 66 66 33 33 33 66 66 66 33 33 66 66 66 66 33 33 33 66 66 66 33 33 66 66 66 66 33 33 66 66 66 33 33 33 66 66 66 66 33 33 66 66 66 33 33 33 66 66 66 33 33 33 66 
66 66 33 33 33 66 66 66 33 33 66 66 66 66 33 33 33 66 66 66 33 33 66 66 66 66 33 33 66 66 66 33 33 33 66 66 66 66 33 33 66 66 66 33 33 33 66 66 66 33 33 33 66 66 66 33 33 33 66 66 66 33 33 33 
66 66 66 33 33 33 66 66 66 33 33 33 66 66 66 33 33 66 66 66 66 33 33 33 66 66 66 33 33 66 66 66 66 33 33 66 66 66 33 33 33 66 66 66 66 33 33 66 66 66 33 33 33 66 66 66 66 33 33 66 66 66 33 33 
33 66 66 66 33 33 66 66 66 66 33 33 33 66 66 66 33 33 66 66 66 66 33 33 66 66 66 33 33 33 66 66 66 66 33 33 66 66 66 33 33 33 66 66 66 66 33 33 66 66 66 33 33 33 66 66 66 33 33 33 66 66 66 33 
33 33 66 66 66 33 33 33 66 66 66 33 33 66 66 66 66 33 33 33 66 66 66 33 33 66 66 66 66 33 33 33 66 66 66 33 33 66 66 66 66 33 33 66 66 66 33 33 33 66 66 66 66 33 33 66 66 66 33 33 33 66 66 66 
33 33 66 66 66 66 33 33 33 66 66 66 33 33 66 66 66 66 33 33 33 66 66 66 33 33 66 66 66 66 33 33 66 66 66 33 33 33 66 66 66 66 33 33 66 66 66 33 33 33 66 66 66 33 33 33 66 66 66 33 33 33 66 66 
66 33 33 33 66 66 66 33 33 33 66 66 66 33 33 33 66 66 66 33 33 66 66 66 66 33 33 33 66 66 66 33 33 66 66 66 66 33 33 66 66 66 33 33 33 66 66 66 66 33 33 66 66 66 33 33 33 66 66 66 66 33 33 66 
66 66 33 33 33 66 66 66 33 33 66 66 66 66 33 33 33 66 66 66 33 33 66 66 66 66 33 33 66 66 66 33 33 33 66 66 66 66 33 33 66 66 66 33 33 33 66 66 66 66 33 33 66 66 66 33 33 33 66 66 66 33 33 33 
66 66 66 33 33 33 66 66 66 33 33 33 66 66 66 33 33 66 66 66 66 33 33 33 66 66 66 33 33 66 66 66 66 33 33 33 66 66 66 33 33 66 66 66 66 33 33 66 66 66 33 33 33 66 66 66 66 33 33 66 66 66 33 33 
33 66 66 66 33 33 66 66 66 66 33 33 33 66 66 66 33 33 66 66 66 66 33 33 33 66 66 66 33 33 66 66 66 66 33 33 66 66 66 33 33 33 66 66 66 66 33 33 66 66 66 33 33 33 66 66 66 33 33 33 66 66 66 33 
33 33 66 66 66 33 33 33 66 66 66 33 33 33 66 66 66 33 33 33 66 66 66 33 33 66 66 66 66 33 33 33 66 66 66 33 33 66 66 66 66 33 33 66 66 66 33 33 33 66 66 66 66 33 33 66 66 66 33 33 33 66 66 66 
33 33 33 66 66 66 33 33 33 66 66 66 33 33 66 66 66 66 33 33 33 66 66 66 33 33 66 66 66 66 33 33 66 66 66 33 33 33 66 66 66 66 33 33 66 66 66 33 33 33 66 66 66 66 33 33 66 66 66 33 33 33 66 66 
66 33 33 33 66 66 66 33 33 33 66 66 66 33 33 33 66 66 66 33 33 66 66 66 66 33 33 33 66 66 66 33 33 66 66 66 66 33 33 33 66 66 66 33 33 66 66 66 66 33 33 66 66 66 33 33 33 66 66 66 66 33 33 66 
66 66 33 33 33 66 66 66 33 33 66 66 66 66 33 33 33 66 66 66 33 33 66 66 66 66 33 33 33 66 66 66 33 33 66 66 66 66 33 33 66 66 66 33 33 33 66 66 66 66 33 33 66 66 66 33 33 33 66 66 66 33 33 33 
66 66 66 33 33 33 66 66 66 33 33 33 66 66 66 33 33 33 66 66 66 33 33 33 66 66 66 33 33 66 66 66 66 33 33 33 66 66 66 33 33 66 66 66 66 33 33 66 66 66 33 33 33 66 66 66 66 33 33 66 66 66 33 33 
33 66 66 66 33 33 33 66 66 66 33 33 33 66 66 66 33 33 66 66 66 66 33 33 33 66 66 66 33 33 66 66 66 66 33 33 66 66 66 33 33 33 66 66 66 66 33 33 66 66 66 33 33 33 66 66 66 66 33 33 66 66 66 33 
33 33 66 66 66 33 33 33 66 66 66 33 33 33 66 66 66 33 33 33 66 66 66 33 33 66 66 66 66 33 33 33 66 66 66 33 33 66 66 66 66 33 33 33 66 66 66 33 33 66 66 66 66 33 33 66 66 66 33 33 33 66 66 66 
33 33 33 66 66 66 33 33 33 66 66 66 33 33 66 66 66 66 33 33 33 66 66 66 33 33 66 66 66 66 33 33 33 66 66 66 33 33 66 66 66 66 33 33 66 66 66 33 33 33 66 66 66 66 33 33 66 66 66 33 33 33 66 66 
66 33 33 33 66 66 66 33 33 33 66 66 66 33 33 33 66 66 66 33 33 33 66 66 66 33 33 33 66 66 66 33 33 66 66 66 66 33 33 33 66 66 66 33 33 66 66 66 66 33 33 66 66 66 33 33 33 66 66 66 66 33 33 66 
66 66 33 33 33 66 66 66 33 33 33 66 66 66 33 33 33 66 66 66 33 33 66 66 66 66 33 33 33 66 66 66 33 33 66 66 66 66 33 33 66 66 66 33 33 33 66 66 66 66 33 33 66 66 66 33 33 33 66 66 66 66 33 33 
66 66 66 33 33 33 66 66 66 33 33 33 66 66 66 33 33 33 66 66 66 33 33 33 66 66 66 33 33 66 66 66 66 33 33 33 66 66 66 33 33 66 66 66 66 33 33 33 66 66 66 33 33 66 66 66 66 33 33 66 66 66 33 33 
33 66 66 66 33 33 33 66 66 66 33 33 33 66 66 66 33 33 66 66 66 66 33 33 33 66 66 66 33 33 66 66 66 66 33 33 33 66 66 66 33 33 66 66 66 66 33 33 66 66 66 33 33 33 66 66 66 66 33 33 66 66 66 33 
33 33 66 66 66 33 33 33 66 66 66 33 33 33 66 66 66 33 33 33 66 66 66 33 33 33 66 66 66 33 33 33 66 66 66 33 33 66 66 66 66 33 33 33 66 66 66 33 33 66 66 66 66 33 33 66 66 66 33 33 33 66 66 66 
33 33 33 66 66 66 33 33 33 66 66 66 33 33 33 66 66 66 33 33 33 66 66 66 33 33 66 66 66 66 33 33 33 66 66 66 33 33 66 66 66 66 33 33 66 66 66 33 33 33 66 66 66 66 33 33 66 66 66 33 33 33 66 66 
66 33 33 33 66 66 66 33 33 33 66 66 66 33 33 33 66 66 66 33 33 33 66 66 66 33 33 33 66 66 66 33 33 66 66 66 66 33 33 33 66 66 66 33 33 66 66 66 66 33 33 33 66 66 66 33 33 66 66 66 66 33 33 66 
66 66 33 33 33 66 66 66 33 33 33 66 66 66 33 33 33 66 66 66 33 33 66 66 66 66 33 33 33 66 66 66 33 33 66 66 66 66 33 33 33 66 66 66 33 33 66 66 66 66 33 33 66 66 66 33 33 33 66 66 66 66 33 33 
66 66 66 33 33 33 66 66 66 33 33 33 66 66 66 33 33 33 66 66 66 33 33 33 66 66 66 33 33 33 66 66 66 33 33 33 66 66 66 33 33 66 66 66 66 33 33 33 66 66 66 33 33 66 66 66 66 33 33 66 66 66 33 33 
33 66 66 66 33 33 33 66 66 66 33 33 33 66 66 66 33 33 33 66 66 66 33 33 33 66 66 66 33 33 66 66 66 66 33 33 33 66 66 66 33 33 66 66 66 66 33 33 66 66 66 33 33 33 66 66 66 66 33 33 66 66 66 33 
33 33 66 66 66 33 33 33 66 66 66 33 33 33 66 66 66 33 33 33 66 66 66 33 33 33 66 66 66 33 33 33 66 66 66 33 33 66 66 66 66 33 33 33 66 66 66 33 33 66 66 66 66 33 33 33 66 66 66 33 33 66 66 66 
33 33 33 66 66 66 33 33 33 66 66 66 33 33 33 66 66 66 33 33 33 66 66 66 33 33 66 66 66 66 33 33 33 66 66 66 33 33 66 66 66 66 33 33 33 66 66 66 33 33 66 66 66 66 33 33 66 66 66 33 33 33 66 66 
66 33 33 33 66 66 66 33 33 33 66 66 66 33 33 33 66 66 66 33 33 33 66 66 66 33 33 33 66 66 66 33 33 33 66 66 66 33 33 33 66 66 66 33 33 66 66 66 66 33 33 33 66 66 66 33 33 66 66 66 66 33 33 66 
66 66 33 33 33 66 66 66 33 33 33 66 66 66 33 33 33 66 66 66 33 33 33 66 66 66 33 33 33 66 66 66 33 33 66 66 66 66 33 33 33 66 66 66 33 33 66 66 66 66 33 33 66 66 66 33 33 33 66 66 66 66 33 33 
66 66 66 33 33 33 66 66 66 33 33 33 66 66 66 33 33 33 66 66 66 33 33 33 66 66 66 33 33 33 66 66 66 33 33 33 66 66 66 33 33 66 66 66 66 33 33 33 66 66 66 33 33 66 66 66 66 33 33 33 66 66 66 33 
33 66 66 66 33 33 33 66 66 66 33 33 33 66 66 66 33 33 33 66 66 66 33 33 33 66 66 66 33 33 66 66 66 66 33 33 33 66 66 66 33 33 66 66 66 66 33 33 33 66 66 66 33 33 66 66 66 66 33 33 66 66 66 33 
33 33 66 66 66 33 33 33 66 66 66 33 33 33 66 66 66 33 33 33 66 66 66 33 33 33 66 66 66 33 33 33 66 66 66 33 33 33 66 66 66 33 33 33 66 66 66 33 33 66 66 66 66 33 33 33 66 66 66 33 33 66 66 66 
33 33 33 66 66 66 33 33 33 66 66 66 33 33 33 66 66 66 33 33 33 66 66 66 33 33 33 66 66 66 33 33 33 66 66 66 33 33 66 66 66 66 33 33 33 66 66 66 33 33 66 66 66 66 33 33 66 66 66 33 33 33 66 66 
