#60 10 61 41 27 32  0  4 21 28  5 39  8 18 17  7 38 50 57  3 22  1 36 35 43 45 20 54 62 48 49 37 26 58 13 56 44 47 25  9  6 34 19 51 46 42 40 23  2 59 52 63 16 12 15 55 24 33 53 29 31 11 30 14 
1419 396 132 990 1056 132 165 132 132 165 2508 165 132 132 132 132 132 1320 1353 132 165 759 165 132 132 132 132 165 1287 198 132 132 2013 165 198 198 165 165 759 792 198 2343 132 660 132 132 132 132 198 264 2112 165 165 165 165 132 132 132 132 165 3795 231 132 132 
33 33 33 66 66 33 66 33 66 66 99 66 33 66 33 66 33 66 66 33 33 66 33 33 66 66 33 33 66 66 33 66 33 33 33 66 66 33 33 33 33 66 66 66 33 33 66 33 66 33 66 66 66 33 66 66 66 66 66 66 33 66 66 66 
66 66 66 33 66 66 33 66 66 33 66 33 66 33 66 33 66 33 33 66 66 33 66 66 33 66 66 33 33 66 66 33 66 66 66 33 66 66 66 66 66 33 33 33 66 66 33 66 33 33 66 66 33 66 66 33 33 33 66 33 66 33 33 66 
33 66 33 66 33 66 66 66 33 33 33 66 33 66 66 33 66 66 33 66 66 66 66 66 66 33 33 66 66 33 66 33 66 66 66 33 33 66 66 33 66 66 66 66 66 66 33 33 66 66 33 33 66 66 33 33 66 33 33 33 66 33 33 66 
33 33 66 66 66 33 66 33 66 66 33 66 33 66 33 66 33 66 66 33 33 66 33 33 66 66 33 66 66 66 33 66 33 33 33 66 66 33 33 33 33 66 66 66 33 33 66 33 66 66 66 66 66 33 33 66 66 66 66 66 33 66 66 33 
66 66 66 33 66 33 33 33 66 66 66 33 66 33 66 66 66 33 66 66 66 33 33 66 33 66 66 33 33 66 33 33 66 66 33 66 66 66 66 66 33 33 33 33 33 33 66 66 33 33 66 66 33 66 66 33 33 66 66 66 66 66 66 33 
33 66 33 66 33 66 66 66 33 33 33 66 66 33 66 33 66 66 33 66 66 33 66 66 66 33 66 66 66 33 66 33 66 66 66 33 33 66 66 66 66 66 66 33 66 66 33 66 33 66 33 33 33 66 66 33 66 33 33 33 66 33 33 66 
33 33 33 66 33 66 66 66 33 66 33 66 33 66 33 66 33 66 66 33 33 66 66 33 66 33 33 66 66 33 66 66 33 33 66 66 33 33 33 33 66 66 66 66 66 66 66 33 66 66 33 33 66 33 33 66 66 66 33 66 33 66 66 66 
66 33 66 33 66 33 33 33 66 66 66 33 66 66 66 66 33 33 66 66 33 66 33 33 33 66 66 33 33 66 33 66 33 33 33 66 66 33 66 66 33 33 33 66 33 33 66 66 66 33 66 66 66 66 66 66 33 66 66 66 66 66 66 33 
66 66 66 33 33 66 33 66 33 33 66 33 66 33 66 33 66 33 33 66 66 33 66 66 33 66 66 66 66 66 66 33 66 66 66 33 66 66 66 66 66 33 33 33 66 66 33 66 33 33 66 66 33 66 66 33 33 33 66 33 66 33 33 66 
33 66 33 66 33 66 66 66 33 66 33 66 33 66 33 33 66 66 66 33 66 66 66 66 66 33 33 66 66 33 66 66 66 66 66 33 33 66 33 33 66 66 66 66 66 66 33 33 66 66 33 33 66 33 33 66 66 33 33 33 33 33 33 66 
66 33 66 66 66 33 66 33 66 66 66 66 33 66 33 66 33 66 66 33 33 66 33 33 66 66 33 33 33 66 33 66 33 33 33 66 66 33 33 33 33 66 66 66 33 33 66 33 66 66 66 66 66 33 33 66 66 66 66 66 33 66 66 33 
66 66 66 33 66 66 33 66 66 33 66 33 66 33 66 66 66 33 33 66 66 33 66 66 33 66 66 33 33 66 66 33 66 66 33 33 66 66 66 66 33 33 33 33 66 33 66 66 33 33 66 66 33 66 66 33 33 33 66 66 66 66 66 33 
33 66 33 66 33 66 66 66 33 33 33 66 66 33 66 33 66 66 33 66 66 33 66 66 66 33 66 66 66 33 66 33 66 66 66 33 33 66 66 66 66 66 66 33 66 66 33 66 33 66 33 33 33 66 66 33 66 33 33 33 66 33 33 66 
33 33 33 66 66 33 66 33 66 66 33 66 33 66 33 66 33 66 66 33 33 66 33 33 66 33 33 66 66 66 33 66 33 33 66 66 33 33 33 33 66 66 66 66 33 66 66 33 66 66 66 33 66 33 33 66 66 66 66 66 33 66 66 66 
66 66 66 33 66 33 33 33 66 66 66 33 66 66 66 66 33 33 66 66 66 66 33 33 33 66 66 33 33 66 33 66 33 33 33 66 66 33 66 66 33 33 33 33 33 33 66 66 33 33 66 66 66 66 66 66 33 66 66 66 66 66 66 33 
66 66 66 33 33 66 33 66 33 33 66 33 66 33 66 33 66 66 33 66 66 33 66 66 66 66 66 66 66 33 66 33 66 66 66 33 66 66 66 66 66 33 33 33 66 66 33 66 33 66 33 66 33 66 66 33 33 33 33 33 66 33 33 66 
33 33 33 66 33 66 66 66 33 66 33 66 33 66 33 33 66 66 66 33 33 66 66 66 66 33 33 66 66 33 66 66 66 66 66 66 33 66 33 33 66 66 66 66 66 66 33 33 66 66 33 33 66 33 33 66 66 66 33 33 33 33 33 66 
66 33 66 66 66 33 33 33 66 66 66 66 66 66 33 66 33 33 66 33 33 66 33 33 33 66 66 33 33 66 33 66 33 33 33 66 66 33 33 66 33 66 66 66 33 33 66 66 66 33 66 66 66 33 66 66 33 66 66 66 33 66 66 33 
66 66 66 33 66 66 33 66 66 33 66 33 66 33 66 66 66 33 33 66 66 33 66 66 33 66 66 33 33 66 66 33 66 66 33 33 66 66 66 66 33 33 33 33 66 33 66 66 33 33 66 66 33 66 66 33 33 33 66 66 66 66 66 33 
33 66 165 66 33 66 231 66 33 363 33 132 132 43197 264 264 264 66 33 132 66 66 66 165 132 198 33 66 66 132 132 132 66 165 198 33 33 66 66 33 165 66 231 66 264 66 132 132 66 66 33 132 132 132 33 165 231 33 33 132 66 33 33 165 
165 132 66 198 165 132 33 165 198 33 198 33 66 99 66 66 66 198 198 66 165 132 132 66 33 66 198 198 132 66 33 66 132 33 33 264 165 165 198 165 33 165 33 198 66 165 66 66 132 165 132 66 33 66 132 33 66 132 132 66 132 132 132 33 
66 66 33 66 33 66 66 66 33 33 66 66 66 33 66 33 66 66 33 66 66 33 66 66 66 33 66 66 66 33 66 33 66 66 66 33 33 66 66 66 66 33 66 33 66 66 33 66 33 66 33 33 33 66 66 33 66 33 33 33 66 33 33 66 
33 33 33 66 66 33 66 66 33 66 33 66 33 66 33 66 33 66 66 33 33 66 66 33 66 33 33 66 66 66 33 66 33 33 66 66 33 33 33 33 66 66 66 66 33 66 66 33 66 66 33 33 66 33 33 66 66 66 66 66 33 66 66 66 
66 33 66 33 66 33 33 33 66 66 66 33 66 66 33 66 33 33 66 66 33 66 33 33 33 66 66 33 33 66 33 66 33 33 33 66 66 33 66 66 33 33 33 66 33 33 66 66 66 33 66 66 66 66 66 66 33 66 66 66 66 66 66 33 
66 66 66 33 33 66 33 66 66 33 66 33 66 33 66 33 66 33 33 66 66 33 66 66 66 66 66 66 33 33 66 33 66 66 66 33 66 66 66 66 66 33 33 33 66 66 33 66 33 66 66 66 33 66 66 33 33 33 33 33 66 33 33 66 
33 66 33 66 33 66 66 66 33 66 33 66 33 66 33 33 66 66 66 33 66 66 66 66 66 33 33 66 66 33 66 66 66 66 66 33 33 66 33 33 66 66 66 66 66 66 33 33 66 66 33 33 66 33 33 66 66 33 33 33 33 33 33 66 
66 33 66 66 66 33 66 33 66 66 66 66 66 66 33 66 33 33 66 33 33 66 33 33 33 66 33 33 33 66 33 66 33 33 33 66 66 33 33 66 33 66 66 66 33 33 66 33 66 33 66 66 66 33 66 66 66 66 66 66 33 66 66 33 
66 66 66 33 66 66 33 33 66 33 66 33 66 33 66 66 66 33 33 66 66 33 33 66 33 66 66 33 33 66 66 33 66 66 33 66 66 66 66 66 33 33 33 33 66 33 66 66 33 33 66 66 33 66 66 33 33 66 66 66 66 66 66 33 
33 66 33 66 33 66 66 66 33 33 33 66 33 33 66 33 66 66 33 66 66 66 66 66 66 33 66 66 66 33 66 33 66 66 66 33 33 66 66 33 66 66 66 66 66 66 33 66 33 66 33 33 66 66 33 33 66 33 33 33 66 33 33 66 
33 33 33 66 66 33 66 33 66 66 33 66 33 66 33 66 33 66 66 33 33 66 33 33 66 33 33 66 66 66 33 66 33 33 66 66 33 33 33 33 66 66 66 66 33 66 66 33 66 66 66 33 66 33 33 66 66 66 66 66 33 66 66 66 
66 66 66 33 66 33 33 33 66 66 66 33 66 66 66 66 33 33 66 66 33 33 33 66 33 66 66 33 33 66 33 66 66 33 33 66 66 33 66 66 33 33 33 33 33 33 66 66 66 33 66 66 33 66 66 66 33 66 66 66 66 66 66 33 
66 66 66 33 33 66 33 66 33 33 66 33 66 33 66 33 66 66 33 66 66 33 66 66 66 66 66 66 66 33 66 33 66 66 66 33 66 66 66 66 66 33 33 33 66 66 33 66 33 66 33 66 33 66 66 33 33 33 33 33 66 33 33 66 
33 33 33 66 33 66 66 66 33 66 33 66 33 66 33 33 66 66 66 33 33 66 66 33 66 33 33 66 66 33 66 66 33 66 66 66 33 33 33 33 66 66 66 66 66 66 66 33 66 66 33 33 66 33 33 66 66 66 33 33 33 66 66 66 
66 33 66 66 66 33 66 33 66 66 66 66 66 66 33 66 33 33 66 33 33 66 33 33 33 66 33 33 33 66 33 66 33 33 33 66 66 33 33 66 33 66 66 66 33 33 66 33 66 33 66 66 66 33 66 66 66 66 66 66 33 66 66 33 
66 66 66 33 66 66 33 66 66 33 66 33 66 33 66 66 66 33 33 66 66 33 66 66 33 66 66 33 33 66 66 33 66 66 66 33 66 66 66 66 33 33 33 33 66 66 33 66 33 33 66 66 33 66 66 33 33 33 66 66 66 33 33 33 
33 66 33 66 33 66 66 66 33 33 33 66 33 66 66 33 66 66 33 66 66 66 66 66 66 33 33 66 66 33 66 33 66 66 66 33 33 66 66 33 66 66 66 66 66 66 33 33 66 66 33 33 66 66 33 33 66 33 33 33 66 33 33 66 
33 33 33 66 66 33 66 33 66 66 33 66 33 66 33 66 33 66 66 33 33 66 33 33 66 66 33 66 66 66 33 66 33 33 33 66 66 33 33 33 66 66 66 66 33 33 66 33 66 66 66 33 66 33 33 66 66 66 66 66 33 66 66 66 
66 66 66 33 66 33 33 33 66 66 66 33 66 33 66 66 33 33 66 66 66 33 33 66 33 66 66 33 33 66 33 66 66 33 33 66 66 66 66 66 33 33 33 33 33 33 66 66 33 33 66 66 33 66 66 66 33 66 66 66 66 66 66 33 
66 66 33 66 33 66 66 66 33 33 66 66 66 33 66 33 66 66 33 66 66 33 66 66 66 33 66 66 66 33 66 33 66 66 66 33 33 66 66 66 66 33 66 33 66 66 33 66 33 66 33 33 33 66 66 33 66 33 33 33 66 33 33 66 
33 33 33 66 33 66 66 66 33 66 33 66 33 66 33 33 66 66 66 33 33 66 66 33 66 33 33 66 66 33 66 66 33 66 66 66 33 33 33 33 66 66 66 66 66 66 66 33 66 66 33 33 66 33 33 66 66 66 33 33 33 66 66 66 
66 33 66 33 66 33 33 33 66 66 66 33 66 66 33 66 33 33 66 66 33 66 33 33 33 66 66 33 33 66 33 66 33 33 33 66 66 33 66 66 33 66 33 66 33 33 66 66 66 33 66 66 66 66 66 66 33 66 66 66 33 66 66 33 
66 66 66 33 66 66 33 66 66 33 66 33 66 33 66 33 66 33 33 66 66 33 66 66 33 66 66 33 33 66 66 33 66 66 66 33 66 66 66 66 66 33 33 33 66 66 33 66 33 33 66 66 33 66 66 33 33 33 66 33 66 33 33 66 
33 66 33 66 33 66 66 66 33 66 33 66 33 66 66 33 66 66 66 33 66 66 66 66 66 33 33 66 66 33 66 33 66 66 66 33 33 66 33 33 66 66 66 66 66 66 33 33 66 66 33 33 66 33 33 66 66 33 33 33 33 33 33 66 
33 33 66 66 66 33 66 33 66 66 33 66 33 66 33 66 33 66 66 33 33 66 33 33 66 66 33 66 66 66 33 66 33 33 33 66 66 33 33 33 33 66 66 66 33 33 66 33 66 66 66 66 66 33 33 66 66 66 66 66 33 66 66 33 
66 66 66 33 66 66 33 33 66 33 66 33 66 33 66 66 66 33 33 66 66 33 33 66 33 66 66 33 33 66 66 33 66 66 33 66 66 66 66 66 33 33 33 33 66 33 66 66 33 33 66 66 33 66 66 33 33 66 66 66 66 66 66 33 
33 66 33 66 33 66 66 66 33 33 33 66 66 33 66 33 66 66 33 66 66 33 66 66 66 33 66 66 66 33 66 33 66 66 66 33 33 66 66 66 66 66 66 33 66 66 33 66 33 66 33 33 33 66 66 33 66 33 33 33 66 33 33 66 
33 33 33 66 66 33 66 66 33 66 33 66 33 66 33 66 33 66 66 33 33 66 66 33 66 33 33 66 66 66 33 66 33 33 66 66 33 33 33 33 66 66 66 66 33 66 66 33 66 66 33 33 66 33 33 66 66 66 66 66 33 66 66 66 
66 33 66 33 66 33 33 33 66 66 66 33 66 66 66 66 33 33 66 66 33 66 33 33 33 66 66 33 33 66 33 66 33 33 33 66 66 33 66 66 33 33 33 66 33 33 66 66 66 33 66 66 66 66 66 66 33 66 66 66 66 66 66 33 
66 66 66 33 33 66 33 66 33 33 66 33 66 33 66 33 66 66 33 66 66 33 66 66 66 66 66 66 66 33 66 33 66 66 66 33 66 66 66 66 66 33 33 33 66 66 33 66 33 66 33 66 33 66 66 33 33 33 33 33 66 33 33 66 
33 66 33 66 33 66 66 66 33 66 33 66 33 66 33 33 66 66 66 33 66 66 66 66 66 33 33 66 66 33 66 66 66 66 66 33 33 66 33 33 66 66 66 66 66 66 33 33 66 66 33 33 66 33 33 66 66 33 33 33 33 33 33 66 
66 33 66 66 66 33 66 33 66 66 66 66 66 66 33 66 33 33 66 33 33 66 33 33 33 66 33 33 33 66 33 66 33 33 33 66 66 33 33 66 33 66 66 66 33 33 66 33 66 33 66 66 66 33 66 66 66 66 66 66 33 66 66 33 
66 66 66 33 66 66 33 66 66 33 66 33 66 33 66 66 66 33 33 66 66 33 66 66 33 66 66 33 33 66 66 33 66 66 33 33 66 66 66 66 33 33 33 33 66 33 66 66 33 33 66 66 33 66 66 33 33 33 66 66 66 66 66 33 
33 66 33 66 33 66 66 66 33 33 33 66 33 33 66 33 66 66 33 66 66 66 66 66 66 33 66 66 66 33 66 33 66 66 66 33 33 66 66 33 66 66 66 66 66 66 33 66 33 66 33 33 66 66 33 33 66 33 33 33 66 33 33 66 
33 33 33 66 66 33 66 33 66 66 33 66 33 66 33 66 33 66 66 33 33 66 33 33 66 33 33 66 66 66 33 66 33 33 66 66 33 33 33 33 66 66 66 66 33 66 66 33 66 66 66 33 66 33 33 66 66 66 66 66 33 66 66 66 
66 66 66 33 66 33 33 33 66 66 66 33 66 33 66 66 33 33 66 66 66 33 33 66 33 66 66 33 33 66 33 66 66 33 33 66 66 66 66 66 33 33 33 33 33 33 66 66 33 33 66 66 33 66 66 66 33 66 66 66 66 66 66 33 
66 66 66 33 33 66 33 66 33 33 66 33 66 33 66 33 66 66 33 66 66 33 66 66 66 66 66 66 66 33 66 33 66 66 66 33 66 66 66 66 66 33 33 33 66 66 33 66 33 66 33 66 33 66 66 33 33 33 33 33 66 33 33 66 
33 33 33 66 33 66 66 66 33 66 33 66 33 66 33 33 66 66 66 33 33 66 66 33 66 33 33 66 66 33 66 66 33 66 66 66 33 33 33 33 66 66 66 66 66 66 66 33 66 66 33 33 66 33 33 66 66 66 33 33 33 66 66 66 
66 33 66 66 66 33 33 33 66 66 66 66 66 66 33 66 33 33 66 33 33 66 33 33 33 66 66 33 33 66 33 66 33 33 33 66 66 33 33 66 33 66 66 66 33 33 66 66 66 33 66 66 66 33 66 66 33 66 66 66 33 66 66 33 
66 66 66 33 66 66 33 66 66 33 66 33 66 33 66 66 66 33 33 66 66 33 66 66 33 66 66 33 33 66 66 33 66 66 66 33 66 66 66 66 33 33 33 33 66 66 33 66 33 33 66 66 33 66 66 33 33 33 66 66 66 33 33 33 
33 66 33 66 33 66 66 66 33 33 33 66 33 66 66 33 66 66 33 66 66 66 66 66 66 33 33 66 66 33 66 33 66 66 66 33 33 66 66 33 66 66 66 66 66 66 33 33 66 66 33 33 66 66 33 33 66 33 33 33 66 33 33 66 
33 33 66 66 66 33 66 33 66 66 33 66 33 66 33 66 33 66 66 33 33 66 33 33 66 66 33 66 66 66 33 66 33 33 33 66 66 33 33 33 33 66 66 66 33 33 66 33 66 66 66 66 66 33 33 66 66 66 66 66 33 66 66 33 
66 66 66 33 66 33 33 33 66 66 66 33 66 33 66 66 33 33 66 66 66 33 33 66 33 66 66 33 33 66 33 66 66 33 33 66 66 66 66 66 33 33 33 33 33 33 66 66 33 33 66 66 33 66 66 66 33 66 66 66 66 66 66 33 
66 66 33 66 33 66 66 66 33 33 66 66 66 33 66 33 66 66 33 66 66 33 66 66 66 33 66 66 66 33 66 33 66 66 66 33 33 66 66 66 66 33 66 33 66 66 33 66 33 66 33 33 33 66 66 33 66 33 33 33 66 33 33 66 
33 33 33 66 33 66 66 66 33 66 33 66 33 66 33 66 33 66 66 33 33 66 66 33 66 33 33 66 66 33 66 66 33 33 66 66 33 33 33 33 66 66 66 66 66 66 66 33 66 66 33 33 66 33 33 66 66 66 33 66 33 66 66 66 
66 33 66 33 66 33 33 33 66 66 66 33 66 66 33 66 33 33 66 66 33 66 33 33 33 66 66 33 33 66 33 66 33 33 33 66 66 33 66 66 33 33 33 66 33 33 66 66 66 33 66 66 66 66 66 66 33 66 66 66 66 66 66 33 
66 66 66 33 66 66 33 66 66 33 66 33 66 33 66 33 66 33 33 66 66 33 66 66 33 66 66 33 33 66 66 33 66 66 66 33 66 66 66 66 66 33 33 33 66 66 33 66 33 33 66 66 33 66 66 33 33 33 66 33 66 33 33 66 
33 66 33 66 33 66 66 66 33 66 33 66 33 66 33 33 66 66 66 33 66 66 66 66 66 33 33 66 66 33 66 66 66 66 66 33 33 66 33 33 66 66 66 66 66 66 33 33 66 66 33 33 66 33 33 66 66 33 33 33 33 33 33 66 
66 33 66 66 66 33 66 33 66 66 66 66 33 66 33 66 33 66 66 33 33 66 33 33 66 66 33 33 33 66 33 66 33 33 33 66 66 33 33 33 33 66 66 66 33 33 66 33 66 66 66 66 66 33 33 66 66 66 66 66 33 66 66 33 
66 66 66 33 66 66 33 33 66 33 66 33 66 33 66 66 66 33 33 66 66 33 33 66 33 66 66 33 33 66 66 33 66 66 33 66 66 66 66 66 33 33 33 33 66 33 66 66 33 33 66 66 33 66 66 33 33 66 66 66 66 66 66 33 
33 66 33 66 33 66 66 66 33 33 33 66 66 33 66 33 66 66 33 66 66 33 66 66 66 33 66 66 66 33 66 33 66 66 66 33 33 66 66 66 66 66 66 33 66 66 33 66 33 66 33 33 33 66 66 33 66 33 33 33 66 33 33 66 
33 33 33 66 66 33 66 33 66 66 33 66 33 66 33 66 33 66 66 33 33 66 33 33 66 33 33 66 66 66 33 66 33 33 66 66 33 33 33 33 66 66 66 66 33 66 66 33 66 66 66 33 66 33 33 66 66 66 66 66 33 66 66 66 
66 33 66 33 66 33 33 33 66 66 66 33 66 66 66 66 33 33 66 66 33 66 33 33 33 66 66 33 33 66 33 66 33 33 33 66 66 33 66 66 33 33 33 66 33 33 66 66 66 33 66 66 66 66 66 66 33 66 66 66 66 66 66 33 
66 66 66 33 33 66 33 66 33 33 66 33 66 33 66 33 66 66 33 66 66 33 66 66 66 66 66 66 66 33 66 33 66 66 66 33 66 66 66 66 66 33 33 33 66 66 33 66 33 66 33 66 33 66 66 33 33 33 33 33 66 33 33 66 
33 33 33 66 33 66 66 66 33 66 33 66 33 66 33 33 66 66 66 33 33 66 66 66 66 33 33 66 66 33 66 66 66 66 66 66 33 66 33 33 66 66 66 66 66 66 33 33 66 66 33 33 66 33 33 66 66 66 33 33 33 33 33 66 
66 33 66 66 66 33 66 33 66 66 66 66 66 66 33 66 33 33 66 33 33 66 33 33 33 66 33 33 33 66 33 66 33 33 33 66 66 33 33 66 33 66 66 66 33 33 66 33 66 33 66 66 66 33 66 66 66 66 66 66 33 66 66 33 
66 66 66 33 66 66 33 66 66 33 66 33 66 33 66 66 66 33 33 66 66 33 66 66 33 66 66 33 33 66 66 33 66 66 33 33 66 66 66 66 33 33 33 33 66 33 66 66 33 33 66 66 33 66 66 33 33 33 66 66 66 66 66 33 
33 66 33 66 33 66 66 66 33 33 33 66 33 66 66 33 66 66 33 66 66 66 66 66 66 33 33 66 66 33 66 33 66 66 66 33 33 66 66 33 66 66 66 66 66 66 33 33 66 66 33 33 66 66 33 33 66 33 33 33 66 33 33 66 
33 33 33 66 66 33 66 33 66 66 33 66 33 66 33 66 33 66 66 33 33 66 33 33 66 33 33 66 66 66 33 66 33 33 66 66 33 33 33 33 66 66 66 66 33 66 66 33 66 66 66 33 66 33 33 66 66 66 66 66 33 66 66 66 
66 66 66 33 66 33 33 33 66 66 66 33 66 33 66 66 33 33 66 66 66 33 33 66 33 66 66 33 33 66 33 66 66 33 33 66 66 66 66 66 33 33 33 33 33 33 66 66 33 33 66 66 33 66 66 66 33 66 66 66 66 66 66 33 
66 66 66 33 33 66 66 66 33 33 66 33 66 33 66 33 66 66 33 66 66 33 66 66 66 33 66 66 66 33 66 33 66 66 66 33 66 66 66 66 66 33 33 33 66 66 33 66 33 66 33 33 33 66 66 33 66 33 33 33 66 33 33 66 
33 33 33 66 33 66 66 66 33 66 33 66 33 66 33 33 66 66 66 33 33 66 66 33 66 33 33 66 66 33 66 66 33 66 66 66 33 33 33 33 66 66 66 66 66 66 66 33 66 66 33 33 66 33 33 66 66 66 33 33 33 66 66 66 
66 33 66 66 66 33 33 33 66 66 66 66 66 66 33 66 33 33 66 33 33 66 33 33 33 66 66 33 33 66 33 66 33 33 33 66 66 33 33 66 33 66 66 66 33 33 66 66 66 33 66 66 66 33 66 66 33 66 66 66 33 66 66 33 
66 66 66 33 66 66 33 66 66 33 66 33 66 33 66 33 66 33 33 66 66 33 66 66 33 66 66 33 33 66 66 33 66 66 66 33 66 66 66 66 66 33 33 33 66 66 33 66 33 33 66 66 33 66 66 33 33 33 66 33 66 33 33 66 
33 66 33 66 33 66 66 66 33 33 33 66 33 66 66 33 66 66 33 66 66 66 66 66 66 33 33 66 66 33 66 33 66 66 66 33 33 66 66 33 66 66 66 66 66 66 33 33 66 66 33 33 66 66 33 33 66 33 33 33 66 33 33 66 
33 33 66 66 66 33 66 33 66 66 33 66 33 66 33 66 33 66 66 33 33 66 33 33 66 66 33 66 66 66 33 66 33 33 33 66 66 33 33 33 33 66 66 66 33 33 66 33 66 66 66 66 66 33 33 66 66 66 66 66 33 66 66 33 
66 66 66 33 66 33 33 33 66 66 66 33 66 33 66 66 66 33 66 66 66 33 33 66 33 66 66 33 33 66 33 33 66 66 33 66 66 66 66 66 33 33 33 33 33 33 66 66 33 33 66 66 33 66 66 33 33 66 66 66 66 66 66 33 
33 66 33 66 33 66 66 66 33 33 33 66 66 33 66 33 66 66 33 66 66 33 66 66 66 33 66 66 66 33 66 33 66 66 66 33 33 66 66 66 66 66 66 33 66 66 33 66 33 66 33 33 33 66 66 33 66 33 33 33 66 33 33 66 
33 33 33 66 33 66 66 66 33 66 33 66 33 66 33 66 33 66 66 33 33 66 66 33 66 33 33 66 66 33 66 66 33 33 66 66 33 33 33 33 66 66 66 66 66 66 66 33 66 66 33 33 66 33 33 66 66 66 33 66 33 66 66 66 
66 33 66 33 66 33 33 33 66 66 66 33 66 66 66 66 33 33 66 66 33 66 33 33 33 66 66 33 33 66 33 66 33 33 33 66 66 33 66 66 33 33 33 66 33 33 66 66 66 33 66 66 66 66 66 66 33 66 66 66 66 66 66 33 
66 66 66 33 33 66 33 66 33 33 66 33 66 33 66 33 66 33 33 66 66 33 66 66 33 66 66 66 66 66 66 33 66 66 66 33 66 66 66 66 66 33 33 33 66 66 33 66 33 33 66 66 33 66 66 33 33 33 66 33 66 33 33 66 
33 66 33 66 33 66 66 66 33 66 33 66 33 66 33 33 66 66 66 33 66 66 66 66 66 33 33 66 66 33 66 66 66 66 66 33 33 66 33 33 66 66 66 66 66 66 33 33 66 66 33 33 66 33 33 66 66 33 33 33 33 33 33 66 
66 33 66 66 66 33 66 33 66 66 66 66 33 66 33 66 33 66 66 33 33 66 33 33 66 66 33 33 33 66 33 66 33 33 33 66 66 33 33 33 33 66 66 66 33 33 66 33 66 66 66 66 66 33 33 66 66 66 66 66 33 66 66 33 
66 66 66 33 66 66 33 66 66 33 66 33 66 33 66 66 66 33 33 66 66 33 66 66 33 66 66 33 33 66 66 33 66 66 33 33 66 66 66 66 33 33 33 33 66 33 66 66 33 33 66 66 33 66 66 33 33 33 66 66 66 66 66 33 
33 66 33 66 33 66 66 66 33 33 33 66 66 33 66 33 66 66 33 66 66 33 66 66 66 33 66 66 66 33 66 33 66 66 66 33 33 66 66 66 66 66 66 33 66 66 33 66 33 66 33 33 33 66 66 33 66 33 33 33 66 33 33 66 
33 33 33 66 66 33 66 33 66 66 33 66 33 66 33 66 33 66 66 33 33 66 33 33 66 33 33 66 66 66 33 66 33 33 66 66 33 33 33 33 66 66 66 66 33 66 66 33 66 66 66 33 66 33 33 66 66 66 66 66 33 66 66 66 
66 66 66 33 66 33 33 33 66 66 66 33 66 66 66 66 33 33 66 66 66 66 33 33 33 66 66 33 33 66 33 66 33 33 33 66 66 33 66 66 33 33 33 33 33 33 66 66 33 33 66 66 66 66 66 66 33 66 66 66 66 66 66 33 
66 66 66 33 33 66 33 66 33 33 66 33 66 33 66 33 66 66 33 66 66 33 66 66 66 66 66 66 66 33 66 33 66 66 66 33 66 66 66 66 66 33 33 33 66 66 33 66 33 66 33 66 33 66 66 33 33 33 33 33 66 33 33 66 
33 33 33 66 33 66 66 66 33 66 33 66 33 66 33 33 66 66 66 33 33 66 66 66 66 33 33 66 66 33 66 66 66 66 66 66 33 66 33 33 66 66 66 66 66 66 33 33 66 66 33 33 66 33 33 66 66 66 33 33 33 33 33 66 
66 33 66 66 66 33 33 33 66 66 66 66 66 66 33 66 33 33 66 33 33 66 33 33 33 66 66 33 33 66 33 66 33 33 33 66 66 33 33 66 33 66 66 66 33 33 66 66 66 33 66 66 66 33 66 66 33 66 66 66 33 66 66 33 
66 66 66 33 66 66 33 66 66 33 66 33 66 33 66 66 66 33 33 66 66 33 66 66 33 66 66 33 33 66 66 33 66 66 33 33 66 66 66 66 33 33 33 33 66 33 66 66 33 33 66 66 33 66 66 33 33 33 66 66 66 66 66 33 
33 66 33 66 33 66 66 66 33 33 33 66 33 66 66 33 66 66 33 66 66 66 66 66 66 33 33 66 66 33 66 33 66 66 66 33 33 66 66 33 66 66 66 66 66 66 33 33 66 66 33 33 66 66 33 33 66 33 33 33 66 33 33 66 
33 33 33 66 66 33 66 33 66 66 33 66 33 66 33 66 33 66 66 33 33 66 33 33 66 66 33 66 66 66 33 66 33 33 33 66 33 33 33 33 33 66 66 66 33 66 66 33 66 66 66 66 66 33 33 66 66 66 66 66 33 66 66 66 
66 66 66 33 66 33 33 33 66 66 66 33 66 33 66 66 33 33 66 66 66 33 33 66 33 66 66 33 33 66 33 66 66 33 33 66 66 66 66 66 33 33 33 33 33 33 66 66 33 33 66 66 33 66 66 66 33 66 66 66 66 66 66 33 
66 66 66 33 33 66 66 66 33 33 66 33 66 33 66 33 66 66 33 66 66 33 66 66 66 33 66 66 66 33 66 33 66 66 66 33 66 66 66 66 66 33 33 33 66 66 33 66 33 66 33 33 33 66 66 33 66 33 33 33 66 33 33 66 
33 33 33 66 33 66 66 66 33 66 33 66 33 66 33 66 33 66 66 33 33 66 66 33 66 33 33 66 66 33 66 66 33 33 66 66 33 33 33 33 66 66 66 66 66 66 66 33 66 66 33 33 66 33 33 66 66 66 33 66 33 66 66 66 
66 33 66 66 66 33 33 33 66 66 66 66 66 66 33 66 33 33 66 33 33 66 33 33 33 66 66 33 33 66 33 66 33 33 33 66 66 33 33 66 33 66 66 66 33 33 66 66 66 33 66 66 66 33 66 66 33 66 66 66 33 66 66 33 
66 66 66 33 66 66 33 66 66 33 66 33 66 33 66 33 66 33 33 66 66 33 66 66 33 66 66 33 33 66 66 33 66 66 66 33 66 66 66 66 66 33 33 33 66 66 33 66 33 33 66 66 33 66 66 33 33 33 66 33 66 33 33 66 
33 66 33 66 33 66 66 66 33 33 33 66 33 66 33 33 66 66 33 66 66 66 66 66 66 33 33 66 66 33 66 66 66 66 66 33 33 66 66 33 66 66 66 66 66 66 33 33 66 66 33 33 66 33 33 66 66 33 33 33 66 33 33 66 
66 33 66 66 66 33 66 33 66 66 66 66 33 66 33 66 33 66 66 33 33 66 33 33 66 66 33 33 33 66 33 66 33 33 33 66 66 33 33 33 33 66 66 66 33 33 66 33 66 66 66 66 66 33 33 66 66 66 66 66 33 66 66 33 
66 66 66 33 66 33 33 33 66 66 66 33 66 33 66 66 66 33 66 66 66 33 33 66 33 66 66 33 33 66 33 33 66 66 33 66 66 66 66 66 33 33 33 33 33 33 66 66 33 33 66 66 33 66 66 33 33 66 66 66 66 66 66 33 
33 66 33 66 33 66 66 66 33 33 33 66 66 33 66 33 66 66 33 66 66 33 66 66 66 33 66 66 66 33 66 33 66 66 66 33 33 66 66 66 66 66 66 33 66 66 33 66 33 66 33 33 33 66 66 33 66 33 33 33 66 33 33 66 
33 33 33 66 66 33 66 33 66 66 33 66 33 66 33 66 33 66 66 33 33 66 66 33 66 33 33 66 66 33 66 66 33 33 66 66 33 33 33 33 66 66 66 66 66 66 66 33 66 66 33 33 66 33 33 66 66 66 33 66 33 66 66 66 
66 33 66 33 66 33 33 33 66 66 66 33 66 66 66 66 33 33 66 66 33 66 33 33 33 66 66 33 33 66 33 66 33 33 33 66 66 33 66 66 33 33 33 66 33 33 66 66 66 33 66 66 66 66 66 66 33 66 66 66 66 66 66 33 
66 66 66 33 33 66 33 66 33 33 66 33 66 33 66 33 66 33 33 66 66 33 66 66 33 66 66 66 66 66 66 33 66 66 66 33 66 66 66 66 66 33 33 33 66 66 33 66 33 33 66 66 33 66 66 33 33 33 66 33 66 33 33 66 
33 33 33 66 33 66 66 66 33 66 33 66 33 66 33 33 66 66 66 33 33 66 66 66 66 33 33 66 66 33 66 66 66 66 66 66 33 66 33 33 66 66 66 66 66 66 33 33 66 66 33 33 66 33 33 66 66 66 33 33 33 33 33 66 
66 33 66 66 66 33 66 33 66 66 66 66 33 66 33 66 33 66 66 33 33 66 33 33 66 66 33 33 33 66 33 66 33 33 33 66 66 33 33 33 33 66 66 66 33 33 66 33 66 66 66 66 66 33 33 66 66 66 66 66 33 66 66 33 
66 66 66 33 66 66 33 66 66 33 66 33 66 33 66 66 66 33 33 66 66 33 66 66 33 66 66 33 33 66 66 33 66 66 33 33 66 66 66 66 33 33 33 33 66 33 66 66 33 33 66 66 33 66 66 33 33 33 66 66 66 66 66 33 
33 66 33 66 33 66 66 66 33 33 33 66 66 33 66 33 66 66 33 66 66 33 66 66 66 33 33 66 66 33 66 33 66 66 66 33 33 66 66 66 66 66 66 66 66 66 33 66 66 66 33 33 33 66 33 33 66 33 33 33 66 33 33 66 
33 33 33 66 66 33 66 33 66 66 33 66 33 66 33 66 33 66 66 33 33 66 33 33 66 33 33 66 66 66 33 66 33 33 66 66 33 33 33 33 66 66 66 66 33 66 66 33 66 66 66 33 66 33 33 66 66 66 66 66 33 66 66 66 
66 66 66 33 66 33 33 33 66 66 66 33 66 66 66 66 33 33 66 66 66 66 33 33 33 66 66 33 33 66 33 66 33 33 33 66 66 33 66 66 33 33 33 33 33 33 66 66 33 33 66 66 66 66 66 66 33 66 66 66 66 66 66 33 
66 66 66 33 33 66 66 66 33 33 66 33 66 33 66 33 66 66 33 66 66 33 66 66 66 33 66 66 66 33 66 33 66 66 66 33 66 66 66 66 66 33 33 33 66 66 33 66 33 66 33 33 33 66 66 33 66 33 33 33 66 33 33 66 
33 33 33 66 33 66 66 66 33 66 33 66 33 66 33 33 66 66 66 33 33 66 66 66 66 33 33 66 66 33 66 66 66 66 66 66 33 66 33 33 66 66 66 66 66 66 33 33 66 66 33 33 66 33 33 66 66 66 33 33 33 33 33 66 
66 33 66 66 66 33 33 33 66 66 66 66 66 66 33 66 33 33 66 33 33 66 33 33 33 66 66 33 33 66 33 66 33 33 33 66 66 33 33 66 33 66 66 66 33 33 66 66 66 33 66 66 66 33 66 66 33 66 66 66 33 66 66 33 
66 66 66 33 66 66 33 66 66 33 66 33 66 33 66 66 66 33 33 66 66 33 66 66 33 66 66 33 33 66 66 33 66 66 66 33 66 66 66 66 66 33 33 33 66 33 33 66 33 33 66 66 33 66 66 33 33 33 66 33 66 66 66 33 
33 66 33 66 33 66 66 66 33 33 33 66 33 66 66 33 66 66 33 66 66 66 66 66 66 33 33 66 66 33 66 33 66 66 66 33 33 66 66 33 66 66 66 66 66 66 33 33 66 66 33 33 66 66 33 33 66 33 33 33 66 33 33 66 
33 33 33 66 66 33 66 33 66 66 33 66 33 66 33 66 33 66 66 33 33 66 33 33 66 66 33 66 66 66 33 66 33 33 33 66 33 33 33 33 33 66 66 66 33 66 66 33 66 66 66 66 66 33 33 66 66 66 66 66 33 66 66 66 
66 66 66 33 66 33 33 33 66 66 66 33 66 33 66 66 66 33 66 66 66 33 33 66 33 66 66 33 33 66 33 33 66 66 33 66 66 66 66 66 33 33 33 33 33 33 66 66 33 33 66 66 33 66 66 33 33 66 66 66 66 66 66 33 
66 66 66 33 33 66 66 66 33 33 33 33 66 33 66 33 66 66 33 66 66 33 66 66 66 33 66 66 66 33 66 33 66 66 66 33 66 66 66 66 66 33 33 33 66 66 33 66 33 66 33 33 33 66 66 33 66 33 33 33 66 33 33 66 
33 33 33 66 33 66 66 66 33 66 33 66 33 66 33 66 33 66 66 33 33 66 66 33 66 33 33 66 66 33 66 66 33 33 66 66 33 33 33 33 66 66 66 66 66 66 66 33 66 66 33 33 66 33 33 66 66 66 33 66 33 66 66 66 
66 33 66 66 66 33 33 33 66 66 66 33 66 66 66 66 33 33 66 33 33 66 33 33 33 66 66 33 33 66 33 66 33 33 33 66 66 33 33 66 33 66 66 66 33 33 66 66 66 33 66 66 66 66 66 66 33 66 66 66 33 66 66 33 
66 66 66 33 33 66 33 66 33 33 66 33 66 33 66 33 66 33 33 66 66 33 66 66 33 66 66 66 66 66 66 33 66 66 66 33 66 66 66 66 66 33 33 33 66 66 33 66 33 33 66 66 33 66 66 33 33 33 66 33 66 33 33 66 
33 66 33 66 33 66 66 66 33 33 33 66 33 66 33 33 66 66 33 66 66 66 66 66 66 33 33 66 66 33 66 66 66 66 66 33 33 66 66 33 66 66 66 66 66 66 33 33 66 66 33 33 66 33 33 66 66 33 33 33 66 33 33 66 
66 33 66 66 66 33 66 33 66 66 66 66 33 66 33 66 33 66 66 33 33 66 33 33 66 66 33 33 33 66 33 66 33 33 33 66 66 33 33 33 33 66 66 66 33 33 66 33 66 66 66 66 66 33 33 66 66 66 66 66 33 66 66 33 
66 66 66 33 66 66 33 66 66 66 66 33 66 33 66 66 66 33 33 66 66 33 33 66 33 66 66 33 33 66 33 33 66 66 33 66 66 66 66 66 33 33 33 33 33 33 66 66 33 33 66 66 33 66 66 33 33 33 66 66 66 66 66 33 
33 66 33 66 33 66 66 66 33 33 33 66 66 33 66 33 66 66 33 66 66 33 66 66 66 33 66 66 66 33 66 33 66 66 66 33 33 66 66 66 66 66 66 33 66 66 33 66 33 66 33 33 33 66 66 33 66 33 33 33 66 33 33 66 
33 33 33 66 66 33 66 33 66 66 33 66 33 66 33 66 33 66 66 33 33 66 66 33 66 33 33 66 66 33 66 66 33 33 66 66 33 33 33 33 66 66 66 66 66 66 66 33 66 66 33 33 66 33 33 66 66 66 33 66 33 66 66 66 
66 66 66 33 66 33 33 33 66 66 66 33 66 66 66 66 33 33 66 66 66 66 33 33 33 66 66 33 33 66 33 66 33 33 33 66 66 33 66 66 33 33 33 33 33 33 66 66 33 33 66 66 66 66 66 66 33 66 66 66 66 66 66 33 
66 66 66 33 33 66 33 66 33 33 66 33 66 33 66 33 66 33 33 66 66 33 66 66 33 66 66 66 66 66 66 33 66 66 66 33 66 66 66 66 66 33 33 33 66 66 33 66 33 33 66 66 33 66 66 33 33 33 66 33 66 33 33 66 
33 33 33 66 33 66 66 66 33 66 33 66 33 66 33 33 66 66 66 33 33 66 66 66 66 33 33 66 66 33 66 66 66 66 66 66 33 66 33 33 66 66 66 66 66 66 33 33 66 66 33 33 66 33 33 66 66 66 33 33 33 33 33 66 
66 33 66 66 66 33 66 33 66 66 66 66 33 66 33 66 33 66 66 33 33 66 33 33 66 66 66 33 33 66 33 66 33 33 33 66 66 33 33 33 33 66 66 66 33 33 66 33 66 33 66 66 66 33 66 66 33 66 66 66 33 66 66 33 
66 66 66 33 66 66 33 66 66 33 66 33 66 33 66 66 66 33 33 66 66 33 66 66 33 66 66 33 33 66 66 33 66 66 33 33 66 66 66 66 33 33 33 33 66 33 66 66 33 33 66 66 33 66 66 33 33 33 66 66 66 66 66 33 
33 66 33 66 33 66 66 66 33 33 33 66 66 33 66 33 66 66 33 66 66 33 66 66 66 33 33 66 66 33 66 33 66 66 66 33 33 66 66 66 66 66 66 66 66 66 33 66 66 66 33 33 33 66 33 33 66 33 33 33 66 33 33 66 
33 33 33 66 66 33 66 33 66 66 33 66 33 66 33 66 33 66 66 33 33 66 33 33 66 66 33 66 66 66 33 66 33 33 33 66 33 33 33 33 33 66 66 66 33 66 66 33 66 66 66 66 66 33 33 66 66 66 66 66 33 66 66 66 
66 66 66 33 66 33 33 33 66 66 66 33 66 66 66 66 33 33 66 66 66 66 33 33 33 66 66 33 33 66 33 66 33 33 33 66 66 33 66 66 33 33 33 33 33 33 66 66 33 33 66 66 66 66 66 66 33 66 66 66 66 66 66 33 
66 66 66 33 33 66 66 66 33 33 66 33 66 33 66 33 66 66 33 66 66 33 66 66 66 33 66 66 66 33 66 33 66 66 66 33 66 66 66 66 66 33 33 33 66 66 33 66 33 66 33 33 33 66 66 33 66 33 33 33 66 33 33 66 
33 33 33 66 33 66 66 66 33 66 33 66 33 66 33 33 33 66 66 33 33 66 66 33 66 33 33 66 66 33 66 66 66 66 66 66 33 66 33 33 66 66 66 66 66 66 66 33 66 66 33 33 66 33 33 66 66 66 33 66 33 33 33 66 
66 33 66 66 66 33 33 33 66 66 66 66 66 66 33 66 33 33 66 33 33 66 33 33 33 66 66 33 33 66 33 66 33 33 33 66 66 33 33 66 33 66 66 66 33 33 66 66 66 33 66 66 66 33 66 66 33 66 66 66 33 66 66 33 
66 66 66 33 66 66 33 66 66 33 66 33 66 33 66 66 66 33 33 66 66 33 66 66 33 66 66 33 33 66 66 33 66 66 66 33 66 66 66 66 66 33 33 33 66 33 33 66 33 33 66 66 33 66 66 33 33 33 66 33 66 66 66 33 
33 66 33 66 33 66 66 66 33 33 33 66 33 66 33 33 66 66 33 66 66 66 66 66 66 33 33 66 66 33 66 66 66 66 66 33 33 66 66 33 66 66 66 66 66 66 33 33 66 66 33 33 66 33 33 66 66 33 33 33 66 33 33 66 
33 33 33 66 66 33 66 33 66 66 66 66 33 66 33 66 33 66 66 33 33 66 33 33 66 66 33 33 66 66 33 66 33 33 33 66 33 33 33 33 33 66 66 66 33 66 66 33 66 66 66 66 66 33 33 66 66 66 66 66 33 66 66 66 
66 66 66 33 66 33 33 33 66 66 66 33 66 33 66 66 66 33 66 66 66 33 33 66 33 66 66 33 33 66 33 33 66 66 33 66 66 66 66 66 33 33 33 33 33 33 66 66 33 33 66 66 33 66 66 33 33 66 66 66 66 66 66 33 
66 66 66 33 33 66 66 66 33 33 33 66 66 33 66 33 66 66 33 66 66 33 66 66 66 33 66 66 66 33 66 33 66 66 66 33 66 66 66 66 66 33 33 33 66 66 33 66 33 66 33 33 33 66 66 33 66 33 33 33 66 33 33 66 
33 33 33 66 66 33 66 33 66 66 33 66 33 66 33 66 33 66 66 33 33 66 66 33 66 33 33 66 66 33 66 66 33 33 66 66 33 33 33 33 66 66 66 66 66 66 66 33 66 66 33 33 66 33 33 66 66 66 33 66 33 66 66 66 
66 33 66 66 66 33 33 33 66 66 66 33 66 66 66 66 33 33 66 33 33 66 33 33 33 66 66 33 33 66 33 66 33 33 33 66 66 33 33 66 33 66 66 66 33 33 66 66 66 33 66 66 66 66 66 66 33 66 66 66 33 66 66 33 
66 66 66 33 33 66 33 66 33 33 66 33 66 33 66 33 66 33 33 66 66 33 66 66 33 66 66 66 66 66 66 33 66 66 66 33 66 66 66 66 66 33 33 33 66 66 33 66 33 33 66 66 33 66 66 33 33 33 66 33 66 33 33 66 
33 33 33 66 33 66 66 66 33 33 33 66 33 66 33 33 66 66 66 66 66 66 66 66 66 33 33 66 66 33 66 66 66 66 66 33 33 66 33 33 66 66 66 66 66 66 33 33 66 66 33 33 66 33 33 66 66 66 33 33 66 33 33 66 
66 33 66 66 66 33 66 33 66 66 66 66 33 66 33 66 33 66 66 33 33 66 33 33 66 66 33 33 33 66 33 66 33 33 33 66 66 33 33 33 33 66 66 66 33 33 66 33 66 66 66 66 66 33 33 66 66 66 66 66 33 66 66 33 
66 66 66 33 66 66 33 66 66 66 66 33 66 33 66 66 66 33 33 66 66 33 33 66 33 66 66 33 33 66 33 33 66 66 33 66 66 66 66 66 33 33 33 33 33 33 66 66 33 33 66 66 33 66 66 33 33 33 66 66 66 66 66 33 
33 66 33 66 33 66 66 66 33 33 33 66 66 33 66 33 66 66 33 66 66 33 66 66 66 33 33 66 66 33 66 33 66 66 66 33 33 66 66 66 66 66 66 66 66 66 33 66 66 66 33 33 33 66 33 33 66 33 33 33 66 33 33 66 
33 33 33 66 66 33 66 33 66 66 33 66 33 66 33 66 33 66 66 33 33 66 66 33 66 33 33 66 66 33 66 66 33 33 66 66 33 33 33 33 66 66 66 66 66 66 66 33 66 66 33 33 66 33 33 66 66 66 33 66 33 66 66 66 
66 66 66 33 66 33 33 33 66 66 66 33 66 66 66 66 33 33 66 66 66 66 33 33 33 66 66 33 33 66 33 66 33 33 33 66 66 33 66 66 33 33 33 33 33 33 66 66 33 33 66 66 66 66 66 66 33 66 66 66 66 66 66 33 
66 66 66 33 33 66 33 66 33 33 66 33 66 33 66 33 66 33 33 66 66 33 66 66 33 33 66 66 66 66 66 33 66 66 66 33 66 66 66 66 66 33 33 33 66 66 33 66 33 66 66 66 33 66 66 33 66 33 33 33 66 33 33 66 
33 33 33 66 33 66 66 66 33 66 33 66 33 66 33 33 66 66 66 33 33 66 66 66 66 33 33 66 66 33 66 66 66 66 66 66 33 66 33 33 66 66 66 66 66 66 33 33 66 66 33 33 66 33 33 66 66 66 33 33 33 33 33 66 
66 33 66 66 66 33 66 33 66 66 66 66 33 66 33 66 33 66 66 33 33 66 33 33 66 66 66 33 33 66 33 66 33 33 33 66 66 33 33 33 33 66 66 66 33 33 66 33 66 33 66 66 66 33 66 66 33 66 66 66 33 66 66 33 
66 66 66 33 66 66 33 66 66 33 66 33 66 33 66 66 66 33 33 66 66 33 66 66 33 66 66 33 33 66 66 33 66 66 66 33 66 66 66 66 66 33 33 33 66 33 33 66 33 33 66 66 33 66 66 33 33 33 66 33 66 66 66 33 
33 66 33 66 33 66 66 66 33 33 33 66 66 33 66 33 66 66 33 66 66 33 66 66 66 33 33 66 66 33 66 33 66 66 66 33 33 66 66 66 66 66 66 66 66 66 33 66 66 66 33 33 33 66 33 33 66 33 33 33 66 33 33 66 
33 33 33 66 66 33 66 33 66 66 33 66 33 66 33 66 33 66 66 33 33 66 33 33 66 66 33 66 66 66 33 66 33 33 33 66 33 33 33 33 33 66 66 66 33 66 66 33 66 66 66 66 66 33 33 66 66 66 66 66 33 66 66 66 
66 66 66 33 66 33 33 33 66 66 66 33 66 66 66 66 66 33 66 66 66 66 33 66 33 66 66 33 33 66 33 66 33 33 33 66 66 33 66 66 33 33 33 33 33 33 66 66 33 33 66 66 33 66 66 33 33 66 66 66 66 66 66 33 
66 66 66 33 33 66 66 66 33 33 33 33 66 33 66 33 66 66 33 66 66 33 66 66 66 33 66 66 66 33 66 33 66 66 66 33 66 66 66 66 66 33 33 33 66 66 33 66 33 66 33 33 33 66 66 33 66 33 33 33 66 33 33 66 
33 33 33 66 33 66 66 66 33 66 33 66 33 66 33 33 33 66 66 33 33 66 66 33 66 33 33 66 66 33 66 66 66 66 66 66 33 66 33 33 66 66 66 66 66 66 66 33 66 66 33 33 66 33 33 66 66 66 33 66 33 33 33 66 
66 33 66 66 66 33 33 33 66 66 66 33 66 66 66 66 33 33 66 33 33 66 33 33 33 66 66 33 33 66 33 66 33 33 33 66 66 33 33 66 33 66 66 66 33 33 66 66 66 33 66 66 66 66 66 66 33 66 66 66 33 66 66 33 
66 66 66 33 33 66 33 66 66 33 66 33 66 33 66 66 66 33 33 66 66 33 66 66 33 66 66 66 33 66 66 33 66 66 66 33 66 66 66 66 66 33 33 33 66 33 33 66 33 33 66 66 33 66 66 33 33 33 66 33 66 33 66 33 
33 66 33 66 33 66 66 66 33 33 33 66 33 66 33 33 66 66 33 66 66 66 66 66 66 33 33 66 66 33 66 66 66 66 66 33 33 66 66 33 66 66 66 66 66 66 33 33 66 66 33 33 66 33 33 66 66 33 33 33 66 33 33 66 
33 33 33 66 66 33 66 33 66 66 66 66 33 66 33 66 33 66 66 33 33 66 33 33 66 66 33 33 66 66 33 66 33 33 33 66 33 33 33 33 33 66 66 66 33 66 66 33 66 66 66 66 66 33 33 66 66 66 66 66 33 66 66 66 
66 66 66 33 66 66 33 66 66 66 66 33 66 33 66 66 66 33 33 66 66 33 33 66 33 66 66 33 33 66 33 33 66 66 33 66 66 66 66 66 33 33 33 33 33 33 66 66 33 33 66 66 33 66 66 33 33 33 66 66 66 66 66 33 
66 66 66 33 33 66 66 66 33 33 33 66 66 33 66 33 66 66 33 66 66 33 66 66 66 33 66 66 66 33 66 33 66 66 66 33 66 66 66 66 66 33 33 33 66 66 33 66 33 66 33 33 33 66 66 33 66 33 33 33 66 33 33 66 
33 33 33 66 66 33 66 33 66 66 33 66 33 66 33 66 33 66 66 33 33 66 66 33 66 33 33 66 66 33 66 66 33 33 66 66 33 33 33 33 66 66 66 66 66 66 66 33 66 66 33 33 66 33 33 66 66 66 33 66 33 66 66 66 
66 66 66 33 66 33 33 33 66 66 66 33 66 66 66 66 33 33 66 33 33 66 33 33 33 66 66 33 33 66 33 66 33 33 33 66 66 33 66 66 33 66 66 33 33 33 66 66 66 33 66 66 66 66 66 66 33 66 66 66 33 66 66 33 
66 66 66 33 33 66 33 66 33 33 66 33 66 33 66 33 66 33 33 66 66 33 66 66 33 66 66 66 66 66 66 33 66 66 66 33 66 66 66 66 66 33 33 33 66 66 33 66 33 33 66 66 33 66 66 33 33 33 66 33 66 33 33 66 
33 33 33 66 33 66 66 66 33 33 33 66 33 66 33 33 66 66 66 66 66 66 66 66 66 33 33 66 66 33 66 66 66 66 66 33 33 66 33 33 66 66 66 66 66 66 33 33 66 66 33 33 66 33 33 66 66 66 33 33 66 33 33 66 
66 33 66 66 66 33 66 33 66 66 66 66 33 66 33 66 33 66 66 33 33 66 33 33 66 66 66 33 33 66 33 66 33 33 33 66 66 33 33 33 33 66 66 66 33 33 66 33 66 33 66 66 66 33 66 66 33 66 66 66 33 66 66 33 
66 66 66 33 66 66 33 66 66 66 66 33 66 33 66 66 66 33 33 66 66 33 33 66 33 66 66 33 33 66 33 33 66 66 33 66 66 66 66 66 33 33 33 33 33 33 66 66 33 33 66 66 33 66 66 33 33 33 66 66 66 66 66 33 
33 66 33 66 33 66 66 66 33 33 33 66 66 33 66 33 66 66 33 66 66 33 66 66 66 33 33 66 66 33 66 33 66 66 66 33 33 66 66 66 66 66 66 66 66 66 33 66 66 66 33 33 33 66 33 33 66 33 33 33 66 33 33 66 
33 33 33 66 66 33 66 33 66 66 33 66 33 66 33 66 33 66 66 33 33 66 66 33 66 66 33 66 66 33 66 66 33 33 33 66 33 33 33 33 66 66 66 66 33 66 66 33 66 66 33 33 66 33 33 66 66 66 66 66 33 66 66 66 
66 66 66 33 66 33 33 33 66 66 66 33 66 66 66 66 33 33 66 66 66 66 33 33 33 66 66 33 33 66 33 66 33 33 33 66 66 33 66 66 33 33 33 33 33 33 66 66 33 33 66 66 66 66 66 66 33 66 66 66 66 66 66 33 
66 66 66 33 33 66 33 66 33 33 66 33 66 33 66 33 66 33 33 66 66 33 66 66 33 33 66 66 66 66 66 33 66 66 66 33 66 66 66 66 66 33 33 33 66 66 33 66 33 66 66 66 33 66 66 33 66 33 33 33 66 33 33 66 
33 33 33 66 33 66 66 66 33 66 33 66 33 66 33 33 33 66 66 33 33 66 66 33 66 33 33 66 66 33 66 66 66 66 66 66 33 66 33 33 66 66 66 66 66 66 66 33 66 66 33 33 66 33 33 66 66 66 33 66 33 33 33 66 
66 33 66 66 66 33 66 33 66 66 66 66 33 66 33 66 33 66 66 33 33 66 33 33 66 66 66 33 33 66 33 66 33 33 33 66 66 33 33 33 33 66 66 66 33 33 66 33 66 33 66 66 66 33 66 66 33 66 66 66 33 66 66 33 
66 66 66 33 66 66 33 66 66 33 66 33 66 33 66 66 66 33 33 66 66 33 66 66 33 66 66 33 33 66 66 33 66 66 66 33 66 66 66 66 66 33 33 33 66 33 33 66 33 33 66 66 33 66 66 33 33 33 66 33 66 66 66 33 
33 66 33 66 33 66 66 66 33 33 33 66 33 33 66 33 66 66 33 66 66 33 66 66 66 33 33 66 66 33 66 33 66 66 66 33 33 66 66 66 66 66 66 66 66 66 33 66 66 66 33 33 66 33 33 66 66 33 33 33 66 33 33 66 
33 33 33 66 66 33 66 33 66 66 66 66 33 66 33 66 33 66 66 33 33 66 33 33 66 66 33 33 66 66 33 66 33 33 33 66 33 33 33 33 33 66 66 66 33 66 66 33 66 66 66 66 66 33 33 66 66 66 66 66 33 66 66 66 
66 66 66 33 66 33 33 33 66 66 66 33 66 66 66 66 66 33 66 66 66 66 33 66 33 66 66 33 33 66 33 66 33 33 33 66 66 33 66 66 33 33 33 33 33 33 66 66 33 33 66 66 33 66 66 33 33 66 66 66 66 66 66 33 
66 66 66 33 33 66 66 66 33 33 33 66 66 33 66 33 66 66 33 66 66 33 66 66 66 33 66 66 66 33 66 33 66 66 66 33 66 66 66 66 66 33 33 33 66 66 33 66 33 66 33 33 33 66 66 33 66 33 33 33 66 33 33 66 
33 33 33 66 66 33 66 66 33 66 33 66 33 66 33 33 33 66 66 33 33 66 66 33 66 33 33 66 66 33 66 66 33 66 66 66 33 66 33 33 66 66 66 66 66 66 66 33 66 66 33 33 66 33 33 66 66 66 33 66 33 66 33 66 
66 33 66 66 66 33 33 33 66 66 66 33 66 66 66 66 33 33 66 33 33 66 33 33 33 66 66 33 33 66 33 66 33 33 33 66 66 33 33 66 33 66 66 66 33 33 66 66 66 33 66 66 66 66 66 66 33 66 66 66 33 66 66 33 
66 66 66 33 33 66 33 66 66 33 66 33 66 33 66 66 66 33 33 66 66 33 66 66 33 66 66 66 33 66 66 33 66 66 66 33 66 66 66 66 66 33 33 33 66 33 33 66 33 33 66 66 33 66 66 33 33 33 66 33 66 33 66 33 
33 33 33 66 33 66 66 66 33 33 33 66 33 66 33 33 66 66 66 66 66 66 66 66 66 33 33 66 66 33 66 66 66 66 66 33 33 66 33 33 66 66 66 66 66 66 33 33 66 66 33 33 66 33 33 66 66 66 33 33 66 33 33 66 
33 33 33 66 66 33 66 33 66 66 66 66 33 66 33 66 33 66 66 33 33 66 33 33 66 66 33 33 66 66 33 66 33 33 33 66 33 33 33 33 33 66 66 66 33 66 66 33 66 66 66 66 66 33 33 66 66 66 66 66 33 66 66 66 
66 66 66 33 66 66 33 66 66 66 66 33 66 33 66 66 66 33 33 66 66 33 33 66 33 66 66 33 33 66 33 33 66 66 33 66 66 66 66 66 33 33 33 33 33 33 66 66 33 33 66 66 33 66 66 33 33 33 66 66 66 66 66 33 
66 66 66 66 33 66 66 66 33 33 33 66 66 33 66 33 66 66 33 66 66 33 66 66 66 33 66 66 66 33 66 33 66 66 66 33 33 66 66 66 66 33 33 66 66 66 33 66 33 66 33 33 33 66 33 33 66 33 33 33 66 33 33 66 
33 33 33 66 66 33 66 33 66 66 33 66 33 66 33 66 33 66 66 33 33 66 66 33 66 33 33 66 66 33 66 66 33 33 66 66 33 33 33 33 66 66 66 66 66 66 66 33 66 66 33 33 66 33 33 66 66 66 33 66 33 66 66 66 
66 66 66 33 66 33 33 33 66 66 66 33 66 66 66 66 33 33 66 33 33 66 33 33 33 66 66 33 33 66 33 66 33 33 33 66 66 33 66 66 33 66 66 33 33 33 66 66 66 33 66 66 66 66 66 66 33 66 66 66 33 66 66 33 
66 66 66 33 33 66 33 66 33 33 66 33 66 33 66 33 66 33 33 66 66 33 66 66 33 33 66 66 66 66 66 33 66 66 66 33 66 66 66 66 66 33 33 33 66 66 33 66 33 66 66 66 33 66 66 33 66 33 33 33 66 33 33 66 
33 33 33 66 33 66 66 66 33 33 33 66 33 66 33 33 66 66 66 66 66 66 66 66 66 33 33 66 66 33 66 66 66 66 66 33 33 66 33 33 66 66 66 66 66 66 33 33 66 66 33 33 66 33 33 66 66 66 33 33 66 33 33 66 
66 33 66 66 66 33 66 33 66 66 66 66 33 66 33 66 33 66 66 33 33 66 33 33 66 66 66 33 33 66 33 66 33 33 33 66 66 33 33 33 33 66 66 66 33 33 66 33 66 33 66 66 66 33 66 66 33 66 66 66 33 66 66 33 
66 66 66 33 66 66 33 66 66 33 66 33 66 33 66 66 66 33 33 66 66 33 33 66 33 66 66 33 33 66 33 33 66 66 66 66 66 66 66 66 33 33 33 33 66 33 33 66 33 33 66 66 33 66 66 33 33 33 66 66 66 66 66 33 
33 66 33 66 33 66 66 66 33 33 33 66 66 33 66 33 66 66 33 66 66 33 66 66 66 33 33 66 66 33 66 33 66 66 66 33 33 66 66 66 66 66 66 66 66 66 33 66 66 66 33 33 33 66 33 33 66 33 33 33 66 33 33 66 
33 33 33 66 66 33 66 33 66 66 33 66 33 66 33 66 33 66 66 33 33 66 66 33 66 66 33 66 66 33 66 66 33 33 33 66 33 33 33 33 66 66 66 66 33 66 66 33 66 66 33 33 66 33 33 66 66 66 66 66 33 66 66 66 
66 66 66 33 66 33 33 33 66 66 66 33 66 66 66 66 66 33 66 66 66 66 33 66 33 66 66 33 33 66 33 66 33 33 33 66 66 33 66 66 33 33 33 33 33 33 66 66 33 33 66 66 33 66 66 33 33 66 66 66 66 66 66 33 
66 66 66 33 33 66 33 66 33 33 66 33 66 33 66 33 66 33 33 66 66 33 66 66 33 33 66 66 66 66 66 33 66 66 66 33 66 66 66 66 66 33 33 33 66 66 33 66 33 66 66 66 33 66 66 33 66 33 33 33 66 33 33 66 
33 33 33 66 33 66 66 66 33 66 33 66 33 66 33 33 33 66 66 33 33 66 66 33 66 33 33 66 66 33 66 66 66 66 66 66 33 66 33 33 66 66 66 66 66 66 66 33 66 66 33 33 66 33 33 66 66 66 33 66 33 33 33 66 
66 33 66 66 66 33 66 33 66 66 66 33 66 66 33 66 33 66 66 33 33 66 33 33 33 66 66 33 33 66 33 66 33 33 33 66 66 33 33 33 33 66 66 66 33 33 66 33 66 33 66 66 66 66 66 66 33 66 66 66 33 66 66 33 
66 66 66 33 33 66 33 66 66 33 66 33 66 33 66 66 66 33 33 66 66 33 66 66 33 66 66 66 33 66 66 33 66 66 66 33 66 66 66 66 66 33 33 33 66 33 33 66 33 33 66 66 33 66 66 33 33 33 66 33 66 33 66 33 
33 66 33 66 33 66 66 66 33 33 33 66 33 33 66 33 66 66 33 66 66 33 66 66 66 33 33 66 66 33 66 33 66 66 66 33 33 66 66 66 66 66 66 66 66 66 33 66 66 66 33 33 66 33 33 66 66 33 33 33 66 33 33 66 
33 33 33 66 66 33 66 33 66 66 66 66 33 66 33 66 33 66 66 33 33 66 33 33 66 66 33 33 66 66 33 66 33 33 33 66 33 33 33 33 33 66 66 66 33 66 66 33 66 66 66 66 66 33 33 66 66 66 66 66 33 66 66 66 
66 66 66 33 66 66 33 33 66 66 66 33 66 66 66 66 66 33 33 66 66 33 33 66 33 66 66 33 33 66 33 66 66 33 33 66 66 33 66 66 33 33 33 33 33 33 66 66 33 33 66 66 33 66 66 33 33 66 66 66 66 66 66 33 
66 66 66 33 33 66 66 66 33 33 33 66 66 33 66 33 66 66 33 66 66 33 66 66 66 33 66 66 66 33 66 33 66 66 66 33 66 66 66 66 66 33 33 33 66 66 33 66 33 66 33 33 33 66 66 33 66 33 33 33 66 33 33 66 
33 33 33 66 66 33 66 66 33 66 33 66 33 66 33 33 33 66 66 33 33 66 66 33 66 33 33 66 66 33 66 66 33 66 66 66 33 66 33 33 66 66 66 66 66 66 66 33 66 66 33 33 66 33 33 66 66 66 33 66 33 66 33 66 
66 66 66 33 66 33 33 33 66 66 66 33 66 66 66 66 33 33 66 33 33 66 33 33 33 66 66 33 33 66 33 66 33 33 33 66 66 33 66 66 33 66 66 33 33 33 66 66 66 33 66 66 66 66 66 66 33 66 66 66 33 66 66 33 
66 66 66 33 33 66 33 66 66 33 66 33 66 33 66 66 66 33 33 66 66 33 66 66 33 66 66 66 33 66 66 33 66 66 66 33 66 66 66 66 66 33 33 33 66 33 33 66 33 33 66 66 33 66 66 33 33 33 66 33 66 33 66 33 
33 33 33 66 33 66 66 66 33 33 33 66 33 66 33 33 66 66 66 66 66 66 66 66 66 33 33 66 66 33 66 66 66 66 66 33 33 66 33 33 66 66 66 66 66 66 33 33 66 66 33 33 66 33 33 66 66 66 33 33 66 33 33 66 
33 33 33 66 66 33 66 33 66 66 66 66 33 66 33 66 33 66 66 33 33 66 33 33 66 66 33 33 66 66 33 66 33 33 33 66 66 33 33 33 33 66 66 66 33 33 66 33 66 33 66 66 66 33 66 66 66 66 66 66 33 66 66 66 
66 66 66 33 66 66 33 66 66 66 66 33 66 33 66 66 66 33 33 66 66 33 33 66 33 66 66 33 33 66 33 33 66 66 33 66 66 66 66 66 33 33 33 33 33 33 66 66 33 33 66 66 33 66 66 33 33 33 66 66 66 66 66 33 
66 66 66 66 33 66 66 66 33 33 33 66 66 33 66 33 66 66 33 66 66 33 66 66 66 33 66 66 66 33 66 33 66 66 66 33 33 66 66 66 66 33 33 66 66 66 33 66 33 66 33 33 33 66 33 33 66 33 33 33 66 33 33 66 
33 33 33 66 66 33 66 33 66 66 33 66 33 66 33 66 33 66 66 33 33 66 66 33 66 66 33 66 66 33 66 66 33 33 33 66 33 33 33 33 66 66 66 66 33 66 66 33 66 66 33 33 66 33 33 66 66 66 66 66 33 66 66 66 
66 66 66 33 66 33 33 33 66 66 66 33 66 66 66 66 33 33 66 33 33 66 33 33 33 66 66 33 33 66 33 66 33 33 33 66 66 33 66 66 33 66 66 33 33 33 66 66 66 33 66 66 66 66 66 66 33 66 66 66 33 66 66 33 
66 66 66 33 33 66 33 66 33 33 66 33 66 33 66 33 66 33 33 66 66 33 66 66 33 33 66 66 66 66 66 33 66 66 66 33 66 66 66 66 66 33 33 33 66 66 33 66 33 66 66 66 33 66 66 33 66 33 33 33 66 33 33 66 
33 33 33 66 33 66 66 66 33 66 33 66 33 66 33 33 66 66 66 33 66 66 66 33 66 33 33 66 66 33 66 66 66 66 66 33 33 66 33 33 66 66 66 66 66 66 66 33 66 66 33 33 66 33 33 66 66 66 33 33 66 33 33 66 
66 33 66 66 66 33 66 33 66 66 66 66 33 66 33 66 33 66 66 33 33 66 33 33 66 66 66 33 33 66 33 66 33 33 33 66 66 33 33 33 33 66 66 66 33 33 66 33 66 33 66 66 66 33 66 66 33 66 66 66 33 66 66 33 
66 66 66 33 66 66 33 66 66 33 66 33 66 33 66 66 66 33 33 66 66 33 33 66 33 66 66 33 33 66 33 33 66 66 66 66 66 66 66 66 33 33 33 33 66 33 33 66 33 33 66 66 33 66 66 33 33 33 66 66 66 66 66 33 
33 66 33 66 33 66 66 66 33 33 33 66 33 33 66 33 66 66 33 66 66 33 66 66 66 33 33 66 66 33 66 33 66 66 66 33 33 66 66 66 66 66 66 66 66 66 33 66 66 66 33 33 66 33 33 66 66 33 33 33 66 33 33 66 
33 33 33 66 66 33 66 33 66 66 33 66 33 66 33 66 33 66 66 33 33 66 66 33 66 66 33 66 66 33 66 66 33 33 33 66 33 33 33 33 66 66 66 66 33 66 66 33 66 66 33 33 66 33 33 66 66 66 66 66 33 66 66 66 
66 66 66 33 66 33 33 33 66 66 66 33 66 66 66 66 66 33 66 66 66 66 33 66 33 66 66 33 33 66 33 66 33 33 33 66 66 33 66 66 33 33 33 33 33 33 66 66 33 33 66 66 33 66 66 33 33 66 66 66 66 66 66 33 
66 66 66 33 33 66 33 66 33 33 66 66 66 33 66 33 66 33 33 66 66 33 66 66 66 33 66 66 66 33 66 33 66 66 66 33 66 66 66 66 66 33 33 33 66 66 33 66 33 66 66 66 33 66 66 33 66 33 33 33 66 33 33 66 
33 33 33 66 66 33 66 66 33 66 33 66 33 66 33 33 33 66 66 33 33 66 66 33 66 33 33 66 66 33 66 66 33 66 66 66 33 66 33 33 66 66 66 66 66 66 66 33 66 66 33 33 66 33 33 66 66 66 33 66 33 66 33 66 
66 33 66 66 66 33 66 33 66 66 66 33 66 66 33 66 33 66 66 33 33 66 33 33 33 66 66 33 33 66 33 66 33 33 33 66 66 33 33 33 33 66 66 66 33 33 66 33 66 33 66 66 66 66 66 66 33 66 66 66 33 66 66 33 
66 66 66 33 33 66 33 66 66 33 66 33 66 33 66 66 66 33 33 66 66 33 66 66 33 66 66 66 33 66 66 33 66 66 66 33 66 66 66 66 66 33 33 33 66 33 33 66 33 33 66 66 33 66 66 33 33 33 66 33 66 33 66 33 
33 66 33 66 33 66 66 66 33 33 33 66 33 33 66 33 66 66 66 66 66 66 66 66 66 33 33 66 66 33 66 33 66 66 66 33 33 66 33 33 66 66 66 66 66 66 33 66 66 66 33 33 66 33 33 66 66 33 33 33 66 33 33 66 
33 33 33 66 66 33 66 33 66 66 66 66 33 66 33 66 33 66 66 33 33 66 33 33 66 66 33 33 66 66 33 66 33 33 33 66 33 33 33 33 33 66 66 66 33 66 66 33 66 66 66 66 66 33 33 66 66 66 66 66 33 66 66 66 
66 66 66 33 66 66 33 33 66 66 66 33 66 66 66 66 66 33 33 66 66 33 33 66 33 66 66 33 33 66 33 66 66 33 33 66 66 33 66 66 33 33 33 33 33 33 66 66 33 33 66 66 33 66 66 33 33 66 66 66 66 66 66 33 
66 66 66 66 33 66 66 66 33 33 33 66 66 33 66 33 66 66 33 66 66 33 66 66 66 33 66 66 66 33 66 33 66 66 66 33 33 66 66 66 66 33 33 66 66 66 33 66 33 66 33 33 33 66 33 33 66 33 33 33 66 33 33 66 
33 33 33 66 66 33 66 66 33 66 33 66 33 66 33 33 33 66 66 33 33 66 66 33 66 33 33 66 66 33 66 66 33 66 66 66 33 66 33 33 66 66 66 66 66 66 66 33 66 66 33 33 66 33 33 66 66 66 33 66 33 66 33 66 
66 66 66 33 66 33 33 33 66 66 66 33 66 66 66 66 33 33 66 33 33 66 33 33 33 66 66 33 33 66 33 66 33 33 33 66 66 33 66 66 33 66 66 33 33 33 66 66 66 33 66 66 66 66 66 66 33 66 66 66 33 66 66 33 
66 66 66 33 33 66 33 66 66 33 66 33 66 33 66 66 66 33 33 66 66 33 66 66 33 66 66 66 33 66 66 33 66 66 66 33 66 66 66 66 66 33 33 33 66 66 33 66 33 66 66 66 33 66 66 33 33 33 33 33 66 33 33 33 
33 33 33 66 33 66 66 66 33 33 33 66 33 66 33 33 66 66 66 66 66 66 66 66 66 33 33 66 66 33 66 66 66 66 66 33 33 66 33 33 66 66 66 66 66 66 33 33 66 66 33 33 66 33 33 66 66 66 33 33 66 33 33 66 
33 33 33 66 66 33 66 33 66 66 66 66 33 66 33 66 33 66 66 33 33 66 33 33 66 66 33 33 66 66 33 66 33 33 33 66 66 33 33 33 33 66 66 66 33 33 66 33 66 33 66 66 66 33 66 66 66 66 66 66 33 66 66 66 
66 66 66 33 66 66 33 66 66 33 66 33 66 33 66 66 66 33 33 66 66 33 33 66 33 66 66 33 33 66 33 33 66 66 66 66 66 66 66 66 33 33 33 33 66 33 33 66 33 33 66 66 33 66 66 33 33 33 66 66 66 66 66 33 
66 66 66 66 33 66 66 66 33 33 33 66 66 33 66 33 66 66 33 66 66 33 66 66 66 33 66 66 66 33 66 33 66 66 66 33 33 66 66 66 66 33 33 66 66 66 33 66 33 66 33 33 33 66 33 33 66 33 33 33 66 33 33 66 
33 33 33 66 66 33 66 33 66 66 33 66 33 66 33 66 33 66 66 33 33 66 66 33 66 66 33 66 66 33 66 66 33 33 33 66 33 33 33 33 66 66 66 66 33 66 66 33 66 66 33 33 66 33 33 66 66 66 66 66 33 66 66 66 
66 66 66 33 66 33 33 33 66 66 66 33 66 66 66 66 33 33 66 66 33 66 33 66 33 66 66 33 33 66 33 66 33 33 33 66 66 33 66 66 33 66 33 33 33 33 66 66 66 33 66 66 33 66 66 66 33 66 66 66 33 66 66 33 
66 66 66 33 33 66 33 66 33 33 66 33 66 33 66 33 66 33 33 66 66 33 66 66 33 33 66 66 66 66 66 33 66 66 66 33 66 66 66 66 66 33 33 33 66 66 33 66 33 66 66 66 33 66 66 33 66 33 33 33 66 33 33 66 
33 33 33 66 33 66 66 66 33 66 33 66 33 66 33 33 66 66 66 33 66 66 66 33 66 33 33 66 66 33 66 66 66 66 66 33 33 66 33 33 66 66 66 66 66 66 66 33 66 66 33 33 66 33 33 66 66 66 33 33 66 33 33 66 
66 33 66 66 66 33 66 33 66 66 66 33 66 66 33 66 33 66 66 33 33 66 33 33 33 66 66 33 33 66 33 66 33 33 33 66 66 33 33 33 33 66 66 66 33 33 66 33 66 33 66 66 66 66 66 66 33 66 66 66 33 66 66 33 
66 66 66 33 66 66 33 66 66 33 66 33 66 33 66 66 66 33 33 66 66 33 33 66 33 66 66 33 33 66 33 33 66 66 66 66 66 66 66 66 33 33 33 33 66 33 33 66 33 33 66 66 33 66 66 33 33 33 66 66 66 33 66 33 
33 66 33 66 33 66 66 66 33 33 33 66 33 33 66 33 66 66 33 66 66 33 66 66 66 33 33 66 66 33 66 33 66 66 66 33 33 66 66 66 66 66 66 66 66 66 33 66 66 66 33 33 66 33 33 66 66 33 33 33 66 33 33 66 
33 33 33 66 66 33 66 33 66 66 33 66 33 66 33 66 33 66 66 33 33 66 66 33 66 66 33 66 66 66 33 66 33 33 33 66 33 33 33 33 66 66 66 66 33 66 66 33 66 66 33 33 66 33 33 66 66 66 66 66 33 66 66 66 
66 66 66 33 66 66 33 33 66 66 66 33 66 66 66 66 66 33 33 66 66 33 33 66 33 66 66 33 33 66 33 66 66 33 33 66 66 33 66 66 33 33 33 33 33 33 66 66 33 33 66 66 33 66 66 33 33 66 66 66 66 66 66 33 
66 66 66 33 33 66 33 66 33 33 66 66 66 33 66 33 66 33 33 66 66 33 66 66 66 33 66 66 66 33 66 33 66 66 66 33 66 66 66 66 66 33 33 33 66 66 33 66 33 66 66 66 33 66 66 33 66 33 33 33 66 33 33 66 
33 33 33 66 66 33 66 66 33 66 33 66 33 66 33 33 33 66 66 33 33 66 66 33 66 33 33 66 66 33 66 66 33 66 66 66 33 66 33 33 66 66 66 66 66 66 66 33 66 66 33 33 66 33 33 66 66 66 33 66 33 66 33 66 
66 33 66 33 66 33 66 33 66 66 66 33 66 66 33 66 33 33 66 33 33 66 33 33 33 66 66 33 33 66 33 66 33 33 33 66 66 33 66 66 33 66 66 66 33 33 66 33 66 33 66 66 66 66 66 66 33 66 66 66 33 66 66 33 
66 66 66 33 33 66 33 66 66 33 66 33 66 33 66 66 66 33 33 66 66 33 66 66 33 66 66 66 33 66 66 33 66 66 66 33 66 66 66 66 66 33 33 33 66 33 33 66 33 33 66 66 33 66 66 33 33 33 66 33 66 33 66 33 
33 66 33 66 33 66 66 66 33 33 33 66 33 33 66 33 66 66 66 66 66 66 66 66 66 33 33 66 66 33 66 33 66 66 66 33 33 66 33 33 66 66 66 66 66 66 33 66 66 66 33 33 66 33 33 66 66 33 33 33 66 33 33 66 
33 33 33 66 66 33 66 33 66 66 66 66 33 66 33 66 33 66 66 33 33 66 33 33 66 66 33 33 66 66 33 66 33 33 33 66 66 33 33 33 33 66 66 66 33 33 66 33 66 33 66 66 66 33 66 66 66 66 66 66 33 66 66 66 
66 66 66 33 66 66 33 33 66 66 66 33 66 66 66 66 66 33 33 66 66 33 33 66 33 66 66 33 33 66 33 66 66 33 33 66 66 33 66 66 33 33 33 33 33 33 66 66 33 33 66 66 33 66 66 33 33 66 66 66 66 66 66 33 
66 66 66 66 33 66 66 66 33 33 33 66 66 33 66 33 66 66 33 66 66 33 66 66 66 33 66 66 66 33 66 33 66 66 66 33 33 66 66 66 66 33 33 66 66 66 33 66 33 66 33 33 33 66 33 33 66 33 33 33 66 33 33 66 
33 33 33 66 66 33 66 66 33 66 33 66 33 66 33 33 33 66 66 33 33 66 66 33 66 33 33 66 66 33 66 66 33 66 66 66 33 33 33 33 66 66 66 66 33 66 66 33 66 66 33 33 66 33 33 66 66 66 66 66 33 66 66 66 
66 66 66 33 66 33 33 33 66 66 66 33 66 66 66 66 33 33 66 33 33 66 33 33 33 66 66 33 33 66 33 66 33 33 33 66 66 33 66 66 33 66 66 33 33 33 66 66 66 33 66 66 66 66 66 66 33 66 66 66 33 66 66 33 
66 66 66 33 33 66 33 66 66 33 66 33 66 33 66 66 66 33 33 66 66 33 66 66 33 66 66 66 33 66 66 33 66 66 66 33 66 66 66 66 66 33 33 33 66 66 33 66 33 66 66 66 33 66 66 33 33 33 33 33 66 33 33 33 
33 33 33 66 33 66 66 66 33 66 33 66 33 66 33 33 66 66 66 33 66 66 66 33 66 33 33 66 66 33 66 66 66 66 66 33 33 66 33 33 66 66 66 66 66 66 66 33 66 66 33 33 66 33 33 66 66 66 33 33 66 33 33 66 
33 33 33 66 66 33 66 33 66 66 66 66 33 66 33 66 33 66 66 33 33 66 33 33 66 66 33 33 66 66 33 66 33 33 33 66 66 33 33 33 33 66 66 66 33 33 66 33 66 33 66 66 66 33 66 66 66 66 66 66 33 66 66 66 
66 66 66 33 66 66 33 66 66 33 66 33 66 33 66 66 66 33 33 66 66 33 33 66 33 66 66 33 33 66 33 33 66 66 66 66 66 66 66 66 33 33 33 33 66 33 33 66 33 33 66 66 33 66 66 33 33 33 66 66 66 66 66 33 
66 66 33 66 33 66 66 66 33 33 33 66 33 33 66 33 66 66 33 66 66 33 66 66 66 33 66 66 66 33 66 33 66 66 66 33 33 66 66 66 66 33 66 66 66 66 33 66 33 66 33 33 66 66 33 33 66 33 33 33 66 33 33 66 
33 33 33 66 66 33 66 33 66 66 33 66 33 66 33 66 33 66 66 33 33 66 66 33 66 66 33 66 66 33 66 66 33 33 33 66 33 33 33 33 66 66 66 66 33 66 66 33 66 66 33 33 66 33 33 66 66 66 66 66 33 66 66 66 
66 66 66 33 66 33 33 33 66 66 66 33 66 66 66 66 33 33 66 66 33 66 33 66 33 66 66 33 33 66 33 66 33 33 33 66 66 33 66 66 33 66 33 33 33 33 66 66 66 33 66 66 33 66 66 66 33 66 66 66 33 66 66 33 
66 66 66 33 33 66 33 66 33 33 66 66 66 33 66 33 66 33 33 66 66 33 66 66 66 33 66 66 66 33 66 33 66 66 66 33 66 66 66 66 66 33 33 33 66 66 33 66 33 66 66 66 33 66 66 33 66 33 33 33 66 33 33 66 
33 33 33 66 33 66 66 66 33 66 33 66 33 66 33 33 66 66 66 33 66 66 66 33 66 33 33 66 66 33 66 66 33 66 66 33 33 66 33 33 66 66 66 66 66 66 66 33 66 66 33 33 66 33 33 66 66 66 33 33 33 66 33 66 
66 33 66 66 66 33 66 33 66 66 66 33 66 66 33 66 33 66 66 33 33 66 33 33 33 66 66 33 33 66 33 66 33 33 33 66 66 33 33 33 33 66 66 66 33 33 66 33 66 33 66 66 66 66 66 66 33 66 66 66 33 66 66 33 
66 66 66 33 66 66 33 66 66 33 66 33 66 33 66 66 66 33 33 66 66 33 33 66 33 66 66 33 33 66 66 33 66 66 66 66 66 66 66 66 33 33 33 33 66 33 33 66 33 33 66 66 33 66 66 33 33 33 66 66 66 33 66 33 
33 66 33 66 33 66 66 66 33 33 33 66 33 33 66 33 66 66 66 66 66 66 66 66 66 33 33 66 66 33 66 33 66 66 66 33 33 66 33 33 66 66 66 66 66 66 33 66 66 66 33 33 66 33 33 66 66 33 33 33 66 33 33 66 
33 33 33 66 66 33 66 33 66 66 33 66 33 66 33 66 33 66 66 33 33 66 66 33 66 66 33 66 66 66 33 66 33 33 33 66 33 33 33 33 66 66 66 66 33 66 66 33 66 66 33 33 66 33 33 66 66 66 66 66 33 66 66 66 
66 66 66 33 66 66 33 33 66 66 66 33 66 66 66 66 66 33 33 66 66 33 33 66 33 66 66 33 33 66 33 66 66 33 33 66 66 33 66 66 33 33 33 33 33 33 66 66 33 33 66 66 33 66 66 33 33 66 66 66 66 66 66 33 
66 66 66 66 33 66 33 66 33 33 66 66 66 33 66 33 66 66 33 66 66 33 66 66 66 33 66 66 66 33 66 33 66 66 66 33 33 66 66 66 66 33 33 33 66 66 33 66 33 66 33 66 33 66 66 33 66 33 33 33 66 33 33 66 
33 33 33 66 66 33 66 66 33 66 33 66 33 66 33 33 33 66 66 33 33 66 66 33 66 33 33 66 66 33 66 66 33 66 66 66 33 66 33 33 66 66 66 66 66 66 66 33 66 66 33 33 66 33 33 66 66 66 33 66 33 66 33 66 
66 33 66 33 66 33 66 33 66 66 66 33 66 66 33 66 33 33 66 33 33 66 33 33 33 66 66 33 33 66 33 66 33 33 33 66 66 33 66 66 33 66 66 66 33 33 66 33 66 33 66 66 66 66 66 66 33 66 66 66 33 66 66 33 
66 66 66 33 33 66 33 66 66 33 66 33 66 33 66 66 66 33 33 66 66 33 66 66 33 66 66 66 33 66 66 33 66 66 66 33 66 66 66 66 66 33 33 33 66 66 33 66 33 66 66 66 33 66 66 33 33 33 33 33 66 33 33 33 
33 66 33 66 33 66 66 66 33 33 33 66 33 33 66 33 66 66 66 66 66 66 66 66 66 33 33 66 66 33 66 33 66 66 66 33 33 66 33 33 66 66 66 66 66 66 33 66 66 66 33 33 66 33 33 66 66 33 33 33 66 33 33 66 
33 33 33 66 66 33 66 33 66 66 66 66 33 66 33 66 33 66 66 33 33 66 33 33 66 66 33 33 66 66 33 66 33 33 33 66 66 33 33 33 33 66 66 66 33 33 66 33 66 33 66 66 66 33 66 66 66 66 66 66 33 66 66 66 
66 66 66 33 66 66 33 33 66 33 66 33 66 33 66 66 66 33 33 66 66 33 33 66 33 66 66 33 33 66 33 66 66 33 33 66 66 66 66 66 33 33 33 33 66 33 66 66 33 33 66 66 33 66 66 33 33 66 66 66 66 66 66 33 
66 66 66 66 33 66 66 66 33 33 33 66 66 33 66 33 66 66 33 66 66 33 66 66 66 33 66 66 66 33 66 33 66 66 66 33 33 66 66 66 66 33 33 66 66 66 33 66 33 66 33 33 33 66 33 33 66 33 33 33 66 33 33 66 
33 33 33 66 66 33 66 66 33 66 33 66 33 66 33 33 33 66 66 33 33 66 66 33 66 33 33 66 66 33 66 66 33 66 66 66 33 33 33 33 66 66 66 66 33 66 66 33 66 66 33 33 66 33 33 66 66 66 66 66 33 66 66 66 
66 66 66 33 66 33 33 33 66 66 66 33 66 66 66 66 33 33 66 66 33 66 33 66 33 66 66 33 33 66 33 66 33 33 33 66 66 33 66 66 33 66 33 33 33 33 66 66 66 33 66 66 33 66 66 66 33 66 66 66 33 66 66 33 
66 66 66 33 33 66 33 66 66 33 66 33 66 33 66 66 66 33 33 66 66 33 66 66 33 66 66 66 33 66 66 33 66 66 66 33 66 66 66 66 66 33 33 33 66 66 33 66 33 66 66 66 33 66 66 33 33 33 33 33 66 33 33 33 
33 33 33 66 33 66 66 66 33 66 33 66 33 66 33 33 66 66 66 33 66 66 66 33 66 33 33 66 66 33 66 66 66 66 66 33 33 66 33 33 66 66 66 66 66 66 66 33 66 66 33 33 66 33 33 66 66 66 33 33 66 33 33 66 
33 33 66 66 66 33 66 33 66 66 66 66 66 66 33 66 33 66 66 33 33 66 33 33 33 66 33 33 66 66 33 66 33 33 33 66 66 33 33 33 33 66 66 66 33 33 66 33 66 33 66 66 66 33 66 66 66 66 66 66 33 66 66 33 
66 66 66 33 66 66 33 66 66 33 66 33 66 33 66 66 66 33 33 66 66 33 33 66 33 66 66 33 33 66 33 33 66 66 66 66 66 66 66 66 33 33 33 33 66 33 33 66 33 33 66 66 33 66 66 33 33 33 66 66 66 33 66 33 
66 66 33 66 33 66 66 66 33 33 33 66 33 33 66 33 66 66 33 66 66 33 66 66 66 33 66 66 66 33 66 33 66 66 66 33 33 66 66 66 66 33 66 66 66 66 33 66 33 66 33 33 66 66 33 33 66 33 33 33 66 33 33 66 
33 33 33 66 66 33 66 33 66 66 33 66 33 66 33 66 33 66 66 33 33 66 66 33 66 66 33 66 66 66 33 66 33 33 33 66 33 33 33 33 66 66 66 66 33 66 66 33 66 66 33 33 66 33 33 66 66 66 66 66 33 66 66 66 
66 66 66 33 66 33 33 33 66 66 66 33 66 66 66 66 33 33 66 66 33 33 33 66 33 66 66 33 33 66 33 66 66 33 33 66 66 33 66 66 33 33 33 33 33 33 66 66 66 33 66 66 33 66 66 66 33 66 66 66 66 66 66 33 
66 66 66 33 33 66 33 66 33 33 66 66 66 33 66 33 66 33 33 66 66 33 66 66 66 33 66 66 66 33 66 33 66 66 66 33 66 66 66 66 66 33 33 33 66 66 33 66 33 66 66 66 33 66 66 33 66 33 33 33 66 33 33 66 
33 33 33 66 33 66 66 66 33 66 33 66 33 66 33 33 66 66 66 33 66 66 66 33 66 33 33 66 66 33 66 66 33 66 66 33 33 66 33 33 66 66 66 66 66 66 66 33 66 66 33 33 66 33 33 66 66 66 33 33 33 66 33 66 
66 33 66 33 66 33 66 33 66 66 66 33 66 66 33 66 33 33 66 33 33 66 33 33 33 66 66 33 33 66 33 66 33 33 33 66 66 33 66 66 33 66 66 66 33 33 66 33 66 33 66 66 66 66 66 66 33 66 66 66 33 66 66 33 
66 66 66 33 66 66 33 66 66 33 66 33 66 33 66 66 66 33 33 66 66 33 33 66 33 66 66 33 33 66 66 33 66 66 66 66 66 66 66 66 33 33 33 33 66 33 33 66 33 33 66 66 33 66 66 33 33 33 66 66 66 33 66 33 
33 66 33 66 33 66 66 66 33 33 33 66 33 33 66 33 66 66 66 66 66 66 66 66 66 33 33 66 66 33 66 33 66 66 66 33 33 66 33 33 66 66 66 66 66 66 33 66 66 66 33 33 66 33 33 66 66 33 33 33 66 33 33 66 
33 33 33 66 66 33 66 33 66 66 33 66 33 66 33 66 33 66 66 33 33 66 33 33 66 66 33 66 66 66 33 66 33 33 33 66 66 33 33 33 66 66 66 66 33 33 66 33 66 66 66 33 66 33 33 66 66 66 66 66 33 66 66 66 
66 66 66 33 66 66 33 33 66 66 66 33 66 66 66 66 66 33 33 66 66 33 33 66 33 66 66 33 33 66 33 66 66 33 33 66 66 33 66 66 33 33 33 33 33 33 66 66 33 33 66 66 33 66 66 33 33 66 66 66 66 66 66 33 
66 66 66 66 33 66 33 66 33 33 66 66 66 33 66 33 66 66 33 66 66 33 66 66 66 33 66 66 66 33 66 33 66 66 66 33 33 66 66 66 66 33 33 33 66 66 33 66 33 66 33 66 33 66 66 33 66 33 33 33 66 33 33 66 
33 33 33 66 66 33 66 66 33 66 33 66 33 66 33 33 33 66 66 33 33 66 66 33 66 33 33 66 66 33 66 66 33 66 66 66 33 33 33 33 66 66 66 66 33 66 66 33 66 66 33 33 66 33 33 66 66 66 66 66 33 66 66 66 
66 33 66 33 66 33 66 33 66 66 66 33 66 66 33 66 33 33 66 33 33 66 33 33 33 66 66 33 33 66 33 66 33 33 33 66 66 33 66 66 33 66 66 66 33 33 66 33 66 33 66 66 66 66 66 66 33 66 66 66 33 66 66 33 
66 66 66 33 33 66 33 66 66 33 66 33 66 33 66 66 66 33 33 66 66 33 66 66 33 66 66 66 33 66 66 33 66 66 66 33 66 66 66 66 66 33 33 33 66 66 33 66 33 66 66 66 33 66 66 33 33 33 33 33 66 33 33 33 
33 66 33 66 33 66 66 66 33 66 33 66 33 66 66 33 66 66 66 33 66 66 66 66 66 33 33 66 66 33 66 33 66 66 66 33 33 66 33 33 66 66 66 66 66 66 33 33 66 66 33 33 66 33 33 66 66 33 33 33 66 33 33 66 
33 33 33 66 66 33 66 33 66 66 66 66 33 66 33 66 33 66 66 33 33 66 33 33 66 66 33 33 66 66 33 66 33 33 33 66 66 33 33 33 33 66 66 66 33 33 66 33 66 33 66 66 66 33 66 66 66 66 66 66 33 66 66 66 
66 66 66 33 66 66 33 33 66 33 66 33 66 33 66 66 66 33 33 66 66 33 33 66 33 66 66 33 33 66 33 66 66 33 33 66 66 66 66 66 33 33 33 33 66 33 66 66 33 33 66 66 33 66 66 33 33 66 66 66 66 66 66 33 
66 66 33 66 33 66 66 66 33 33 33 66 33 33 66 33 66 66 33 66 66 33 66 66 66 33 66 66 66 33 66 33 66 66 66 33 33 66 66 66 66 33 66 66 66 66 33 66 33 66 33 33 66 66 33 33 66 33 33 33 66 33 33 66 
33 33 33 66 66 33 66 66 33 66 33 66 33 66 33 33 33 66 66 33 33 66 66 33 66 33 33 66 66 33 66 66 33 66 66 66 33 33 33 33 66 66 66 66 33 66 66 33 66 66 33 33 66 33 33 66 66 66 66 66 33 66 66 66 
66 66 66 33 66 33 33 33 66 66 66 33 66 66 66 66 33 33 66 66 33 66 33 66 33 66 66 33 33 66 33 66 33 33 33 66 66 33 66 66 33 66 33 33 33 33 66 66 66 33 66 66 33 66 66 66 33 66 66 66 33 66 66 33 
66 66 66 33 33 66 33 66 66 33 66 33 66 33 66 33 66 33 33 66 66 33 66 66 66 66 66 66 33 33 66 33 66 66 66 33 66 66 66 66 66 33 33 33 66 66 33 66 33 66 66 66 33 66 66 33 33 33 33 33 66 33 33 66 
33 33 33 66 33 66 66 66 33 66 33 66 33 66 33 33 66 66 66 33 66 66 66 33 66 33 33 66 66 33 66 66 33 66 66 33 33 66 33 33 66 66 66 66 66 66 66 33 66 66 33 33 66 33 33 66 66 66 33 33 33 66 33 66 
33 33 66 66 66 33 66 33 66 66 66 66 66 66 33 66 33 66 66 33 33 66 33 33 33 66 33 33 66 66 33 66 33 33 33 66 66 33 33 33 33 66 66 66 33 33 66 33 66 33 66 66 66 33 66 66 66 66 66 66 33 66 66 33 
66 66 66 33 66 66 33 66 66 33 66 33 66 33 66 66 66 33 33 66 66 33 33 66 33 66 66 33 33 66 66 33 66 66 66 66 66 66 66 66 33 33 33 33 66 33 33 66 33 33 66 66 33 66 66 33 33 33 66 66 66 33 66 33 
33 66 33 66 33 66 66 66 33 33 33 66 33 33 66 33 66 66 33 66 66 66 66 66 66 33 66 66 66 33 66 33 66 66 66 33 33 66 66 33 66 66 66 66 66 66 33 66 33 66 33 33 66 66 33 33 66 33 33 33 66 33 33 66 
33 33 33 66 66 33 66 33 66 66 33 66 33 66 33 66 33 66 66 33 33 66 66 33 66 66 33 66 66 66 33 66 33 33 33 66 33 33 33 33 66 66 66 66 33 66 66 33 66 66 33 33 66 33 33 66 66 66 66 66 33 66 66 66 
66 66 66 33 66 33 33 33 66 66 66 33 66 66 66 66 33 33 66 66 33 33 33 66 33 66 66 33 33 66 33 66 66 33 33 66 66 33 66 66 33 33 33 33 33 33 66 66 66 33 66 66 33 66 66 66 33 66 66 66 66 66 66 33 
66 66 66 66 33 66 33 66 33 33 66 66 66 33 66 33 66 66 33 66 66 33 66 66 66 33 66 66 66 33 66 33 66 66 66 33 33 66 66 66 66 33 33 33 66 66 33 66 33 66 33 66 33 66 66 33 66 33 33 33 66 33 33 66 
33 33 33 66 33 66 66 66 33 66 33 66 33 66 33 33 66 66 66 33 66 66 66 33 66 33 33 66 66 33 66 66 33 66 66 33 33 66 33 33 66 66 66 66 66 66 66 33 66 66 33 33 66 33 33 66 66 66 33 33 33 66 33 66 
66 33 66 33 66 33 66 33 66 66 66 33 66 66 33 66 33 33 66 33 33 66 33 33 33 66 66 33 33 66 33 66 33 33 33 66 66 33 66 66 33 66 66 66 33 33 66 33 66 33 66 66 66 66 66 66 33 66 66 66 33 66 66 33 
66 66 66 33 66 66 33 66 66 33 66 33 66 33 66 66 66 33 33 66 66 33 66 66 33 66 66 33 33 66 66 33 66 66 66 33 66 66 66 66 33 33 33 33 66 66 33 66 33 33 66 66 33 66 66 33 33 33 66 66 66 33 33 33 
33 66 33 66 33 66 66 66 33 33 33 66 33 33 66 33 66 66 66 66 66 66 66 66 66 33 33 66 66 33 66 33 66 66 66 33 33 66 33 33 66 66 66 66 66 66 33 66 66 66 33 33 66 33 33 66 66 33 33 33 66 33 33 66 
33 33 33 66 66 33 66 33 66 66 33 66 33 66 33 66 33 66 66 33 33 66 33 33 66 66 33 66 66 66 33 66 33 33 33 66 66 33 33 33 66 66 66 66 33 33 66 33 66 66 66 33 66 33 33 66 66 66 66 66 33 66 66 66 
66 66 66 33 66 66 33 33 66 33 66 33 66 33 66 66 66 33 33 66 66 33 33 66 33 66 66 33 33 66 33 66 66 33 33 66 66 66 66 66 33 33 33 33 66 33 66 66 33 33 66 66 33 66 66 33 33 66 66 66 66 66 66 33 
66 66 66 66 33 66 33 66 33 33 66 66 66 33 66 33 66 66 33 66 66 33 66 66 66 33 66 66 66 33 66 33 66 66 66 33 33 66 66 66 66 33 33 33 66 66 33 66 33 66 33 66 33 66 66 33 66 33 33 33 66 33 33 66 
33 33 33 66 66 33 66 66 33 66 33 66 33 66 33 33 33 66 66 33 33 66 66 33 66 33 33 66 66 33 66 66 33 66 66 66 33 33 33 33 66 66 66 66 33 66 66 33 66 66 33 33 66 33 33 66 66 66 66 66 33 66 66 66 
66 33 66 33 66 33 33 33 66 66 66 33 66 66 33 66 33 33 66 66 33 66 33 33 33 66 66 33 33 66 33 66 33 33 33 66 66 33 66 66 33 66 33 66 33 33 66 66 66 33 66 66 66 66 66 66 33 66 66 66 33 66 66 33 
66 66 66 33 33 66 33 66 66 33 66 33 66 33 66 66 66 33 33 66 66 33 66 66 33 66 66 66 33 66 66 33 66 66 66 33 66 66 66 66 66 33 33 33 66 66 33 66 33 66 66 66 33 66 66 33 33 33 33 33 66 33 33 33 
33 66 33 66 33 66 66 66 33 66 33 66 33 66 66 33 66 66 66 33 66 66 66 66 66 33 33 66 66 33 66 33 66 66 66 33 33 66 33 33 66 66 66 66 66 66 33 33 66 66 33 33 66 33 33 66 66 33 33 33 66 33 33 66 
33 33 66 66 66 33 66 33 66 66 66 66 66 66 33 66 33 66 66 33 33 66 33 33 33 66 33 33 66 66 33 66 33 33 33 66 66 33 33 33 33 66 66 66 33 33 66 33 66 33 66 66 66 33 66 66 66 66 66 66 33 66 66 33 
66 66 66 33 66 66 33 33 66 33 66 33 66 33 66 66 66 33 33 66 66 33 33 66 33 66 66 33 33 66 33 66 66 33 33 66 66 66 66 66 33 33 33 33 66 33 66 66 33 33 66 66 33 66 66 33 33 66 66 66 66 66 66 33 
66 66 33 66 33 66 66 66 33 33 33 66 33 33 66 33 66 66 33 66 66 33 66 66 66 33 66 66 66 33 66 33 66 66 66 33 33 66 66 66 66 33 66 66 66 66 33 66 33 66 33 33 66 66 33 33 66 33 33 33 66 33 33 66 
33 33 33 66 66 33 66 66 33 66 33 66 33 66 33 66 33 66 66 33 33 66 66 33 66 33 33 66 66 66 33 66 33 33 66 66 33 33 33 33 66 66 66 66 33 66 66 33 66 66 33 33 66 33 33 66 66 66 66 66 33 66 66 66 
66 66 66 33 66 33 33 33 66 66 66 33 66 66 66 66 33 33 66 66 33 33 33 66 33 66 66 33 33 66 33 66 66 33 33 66 66 33 66 66 33 33 33 33 33 33 66 66 66 33 66 66 33 66 66 66 33 66 66 66 66 66 66 33 
66 66 66 33 33 66 33 66 66 33 66 33 66 33 66 33 66 33 33 66 66 33 66 66 66 66 66 66 33 33 66 33 66 66 66 33 66 66 66 66 66 33 33 33 66 66 33 66 33 66 66 66 33 66 66 33 33 33 33 33 66 33 33 66 
33 33 33 66 33 66 66 66 33 66 33 66 33 66 33 33 66 66 66 33 66 66 66 33 66 33 33 66 66 33 66 66 33 66 66 33 33 66 33 33 66 66 66 66 66 66 66 33 66 66 33 33 66 33 33 66 66 66 33 33 33 66 33 66 
66 33 66 66 66 33 66 33 66 66 66 66 66 66 33 66 33 33 66 33 33 66 33 33 33 66 33 33 33 66 33 66 33 33 33 66 66 33 33 66 33 66 66 66 33 33 66 33 66 33 66 66 66 33 66 66 66 66 66 66 33 66 66 33 
66 66 66 33 66 66 33 66 66 33 66 33 66 33 66 66 66 33 33 66 66 33 33 66 33 66 66 33 33 66 66 33 66 66 66 66 66 66 66 66 33 33 33 33 66 33 33 66 33 33 66 66 33 66 66 33 33 33 66 66 66 33 66 33 
33 66 33 66 33 66 66 66 33 33 33 66 33 33 66 33 66 66 33 66 66 66 66 66 66 33 66 66 66 33 66 33 66 66 66 33 33 66 66 33 66 66 66 66 66 66 33 66 33 66 33 33 66 66 33 33 66 33 33 33 66 33 33 66 
33 33 33 66 66 33 66 33 66 66 33 66 33 66 33 66 33 66 66 33 33 66 33 33 66 66 33 66 66 66 33 66 33 33 33 66 66 33 33 33 66 66 66 66 33 33 66 33 66 66 66 33 66 33 33 66 66 66 66 66 33 66 66 66 
66 66 66 33 66 33 33 33 66 66 66 33 66 66 66 66 33 33 66 66 33 33 33 66 33 66 66 33 33 66 33 66 66 33 33 66 66 33 66 66 33 33 33 33 33 33 66 66 66 33 66 66 33 66 66 66 33 66 66 66 66 66 66 33 
66 66 66 66 33 66 33 66 33 33 66 66 66 33 66 33 66 66 33 66 66 33 66 66 66 33 66 66 66 33 66 33 66 66 66 33 33 66 66 66 66 33 33 33 66 66 33 66 33 66 33 66 33 66 66 33 66 33 33 33 66 33 33 66 
33 33 33 66 33 66 66 66 33 66 33 66 33 66 33 33 66 66 66 33 33 66 66 33 66 33 33 66 66 33 66 66 33 66 66 66 33 33 33 33 66 66 66 66 66 66 66 33 66 66 33 33 66 33 33 66 66 66 33 33 33 66 66 66 
66 33 66 33 66 33 66 33 66 66 66 33 66 66 33 66 33 33 66 33 33 66 33 33 33 66 66 33 33 66 33 66 33 33 33 66 66 33 66 66 33 66 66 66 33 33 66 33 66 33 66 66 66 66 66 66 33 66 66 66 33 66 66 33 
66 66 66 33 66 66 33 66 66 33 66 33 66 33 66 66 66 33 33 66 66 33 66 66 33 66 66 33 33 66 66 33 66 66 66 33 66 66 66 66 33 33 33 33 66 66 33 66 33 33 66 66 33 66 66 33 33 33 66 66 66 33 33 33 
33 66 33 66 33 66 66 66 33 66 33 66 33 66 66 33 66 66 66 33 66 66 66 66 66 33 33 66 66 33 66 33 66 66 66 33 33 66 33 33 66 66 66 66 66 66 33 33 66 66 33 33 66 33 33 66 66 33 33 33 66 33 33 66 
33 33 33 66 66 33 66 33 66 66 33 66 33 66 33 66 33 66 66 33 33 66 33 33 66 66 33 66 66 66 33 66 33 33 33 66 66 33 33 33 66 66 66 66 33 33 66 33 66 66 66 33 66 33 33 66 66 66 66 66 33 66 66 66 
66 66 66 33 66 66 33 33 66 33 66 33 66 33 66 66 66 33 33 66 66 33 33 66 33 66 66 33 33 66 33 66 66 33 33 66 66 66 66 66 33 33 33 33 66 33 66 66 33 33 66 66 33 66 66 33 33 66 66 66 66 66 66 33 
66 66 33 66 33 66 66 66 33 33 66 66 66 33 66 33 66 66 33 66 66 33 66 66 66 33 66 66 66 33 66 33 66 66 66 33 33 66 66 66 66 33 66 33 66 66 33 66 33 66 33 33 33 66 66 33 66 33 33 33 66 33 33 66 
33 33 33 66 66 33 66 66 33 66 33 66 33 66 33 33 33 66 66 33 33 66 66 33 66 33 33 66 66 33 66 66 33 66 66 66 33 33 33 33 66 66 66 66 33 66 66 33 66 66 33 33 66 33 33 66 66 66 66 66 33 66 66 66 
66 33 66 33 66 33 33 33 66 66 66 33 66 66 33 66 33 33 66 66 33 66 33 33 33 66 66 33 33 66 33 66 33 33 33 66 66 33 66 66 33 66 33 66 33 33 66 66 66 33 66 66 66 66 66 66 33 66 66 66 33 66 66 33 
66 66 66 33 33 66 33 66 66 33 66 33 66 33 66 33 66 33 33 66 66 33 66 66 66 66 66 66 33 33 66 33 66 66 66 33 66 66 66 66 66 33 33 33 66 66 33 66 33 66 66 66 33 66 66 33 33 33 33 33 66 33 33 66 
33 66 33 66 33 66 66 66 33 66 33 66 33 66 66 33 66 66 66 33 66 66 66 66 66 33 33 66 66 33 66 33 66 66 66 33 33 66 33 33 66 66 66 66 66 66 33 33 66 66 33 33 66 33 33 66 66 33 33 33 33 33 33 66 
33 33 66 66 66 33 66 33 66 66 66 66 66 66 33 66 33 66 66 33 33 66 33 33 33 66 33 33 66 66 33 66 33 33 33 66 66 33 33 33 33 66 66 66 33 33 66 33 66 33 66 66 66 33 66 66 66 66 66 66 33 66 66 33 
66 66 66 33 66 66 33 33 66 33 66 33 66 33 66 66 66 33 33 66 66 33 33 66 33 66 66 33 33 66 66 33 66 66 33 66 66 66 66 66 33 33 33 33 66 33 66 66 33 33 66 66 33 66 66 33 33 66 66 66 66 66 66 33 
33 66 33 66 33 66 66 66 33 33 33 66 33 33 66 33 66 66 33 66 66 66 66 66 66 33 66 66 66 33 66 33 66 66 66 33 33 66 66 33 66 66 66 66 66 66 33 66 33 66 33 33 66 66 33 33 66 33 33 33 66 33 33 66 
33 33 33 66 66 33 66 66 33 66 33 66 33 66 33 66 33 66 66 33 33 66 66 33 66 33 33 66 66 66 33 66 33 33 66 66 33 33 33 33 66 66 66 66 33 66 66 33 66 66 33 33 66 33 33 66 66 66 66 66 33 66 66 66 
66 66 66 33 66 33 33 33 66 66 66 33 66 66 66 66 33 33 66 66 33 33 33 66 33 66 66 33 33 66 33 66 66 33 33 66 66 33 66 66 33 33 33 33 33 33 66 66 66 33 66 66 33 66 66 66 33 66 66 66 66 66 66 33 
66 66 66 33 33 66 33 66 33 33 66 33 66 33 66 33 66 66 33 66 66 33 66 66 66 66 66 66 66 33 66 33 66 66 66 33 66 66 66 66 66 33 33 33 66 66 33 66 33 66 33 66 33 66 66 33 33 33 33 33 66 33 33 66 
33 33 66 66 33 66 66 66 33 33 33 66 66 66 66 66 66 66 66 66 66 66 66 66 66 33 33 66 66 66 66 66 33 66 33 33 33 66 33 33 66 66 66 66 66 66 66 33 66 66 33 66 66 66 33 66 33 66 66 66 33 66 33 66 
66 66 66 33 66 66 33 66 66 33 66 33 66 33 66 66 66 33 33 66 66 66 33 66 33 66 66 66 33 66 33 33 66 66 66 66 66 66 66 66 33 66 33 33 66 33 33 66 33 33 66 66 33 66 66 33 33 33 66 66 66 66 66 33 
33 66 33 66 33 66 66 66 33 33 33 66 33 33 66 33 66 66 33 66 66 33 66 66 66 33 33 66 66 33 66 33 66 66 66 33 33 66 66 66 66 66 66 66 66 66 33 66 66 66 33 33 66 33 33 66 66 33 33 33 66 33 33 66 
33 33 33 66 66 33 66 33 66 66 33 66 33 66 33 66 33 66 66 33 33 66 66 33 66 66 33 66 66 66 33 66 33 33 33 66 33 33 33 33 66 66 66 66 33 66 66 33 66 66 33 33 66 33 33 66 66 66 66 66 33 66 66 66 
66 66 66 33 66 66 33 33 66 66 66 33 66 66 66 66 66 33 33 66 66 33 33 66 33 66 66 33 33 66 33 66 66 33 33 66 66 33 66 66 33 33 33 33 33 33 66 66 33 33 66 66 33 66 66 33 33 66 66 66 66 66 66 33 
66 66 66 33 33 66 33 66 33 33 66 66 66 33 66 33 66 33 33 66 66 33 66 66 66 33 66 66 66 33 66 33 66 66 66 33 66 66 66 66 66 33 33 33 66 66 33 66 33 66 66 66 33 66 66 33 66 33 33 33 66 33 33 66 
33 33 33 66 66 33 66 66 33 66 33 66 33 66 33 33 33 66 66 33 33 66 66 33 66 33 33 66 66 33 66 66 33 66 66 66 33 66 33 33 66 66 66 66 66 66 66 33 66 66 33 33 66 33 33 66 66 66 33 66 33 66 33 66 
66 33 66 33 66 33 66 33 66 66 66 33 66 66 33 66 33 33 66 33 33 66 33 33 33 66 66 33 33 66 33 66 33 33 33 66 66 33 66 66 33 66 66 66 33 33 66 33 66 33 66 66 66 66 66 66 33 66 66 66 33 66 66 33 
66 66 66 33 33 66 66 66 66 66 66 66 66 33 66 66 66 33 33 66 66 33 66 66 66 66 33 66 33 66 33 66 66 66 66 33 66 66 66 66 66 33 66 33 66 33 66 66 66 33 66 66 66 66 66 66 66 33 66 66 66 33 66 66 
66 66 66 66 66 66 66 66 66 66 66 66 66 66 66 66 66 66 66 66 66 66 66 66 66 66 66 66 66 66 66 66 66 66 66 66 66 66 66 66 66 66 66 66 66 66 66 66 66 66 66 66 66 66 66 66 66 66 66 66 66 66 66 66 
33 66 66 66 66 33 66 66 66 66 66 66 66 66 66 66 66 66 66 66 66 33 66 66 66 66 66 66 66 66 66 66 66 66 66 66 66 66 66 66 66 66 66 66 66 66 66 66 66 66 66 66 66 66 66 66 66 66 66 66 66 66 66 66 
66 66 66 66 66 66 66 66 66 66 66 66 33 66 33 33 66 66 66 66 33 66 66 66 66 66 66 66 66 33 66 66 66 66 66 66 66 66 66 66 66 66 33 66 66 66 33 66 66 66 66 66 66 33 66 66 66 66 66 33 66 66 66 66 
66 66 66 33 66 66 66 66 66 66 66 33 66 66 66 66 33 33 33 33 66 33 66 33 33 33 33 33 33 66 66 66 66 33 33 33 33 66 66 66 33 33 66 66 66 66 66 33 66 66 33 33 66 66 33 66 66 33 33 66 66 66 33 33 
33 33 66 66 33 66 33 33 66 66 33 66 33 66 33 33 66 66 66 66 33 66 33 66 66 66 66 66 66 33 66 66 66 66 66 66 66 33 33 33 66 66 33 66 33 33 33 66 66 33 66 66 33 33 66 33 33 66 66 33 66 33 66 66 
66 66 33 33 66 33 66 66 66 66 66 66 66 33 66 66 66 33 33 33 66 33 66 33 66 33 33 33 33 66 66 66 33 66 66 33 66 66 66 66 66 66 66 33 66 66 66 33 33 66 66 33 66 66 66 66 66 33 33 66 33 66 33 66 
66 66 66 66 66 66 66 66 66 66 66 66 66 66 66 66 66 66 66 66 66 66 66 66 66 66 66 66 66 66 66 66 66 66 66 66 66 66 66 66 66 66 66 66 66 66 66 66 66 66 66 66 66 66 66 66 66 66 66 66 66 66 66 66 
66 66 66 66 66 66 66 66 66 66 66 66 66 66 66 66 66 66 66 66 66 66 66 66 66 66 66 66 66 66 66 66 66 66 66 66 66 33 66 66 66 66 66 66 66 66 66 66 66 66 66 66 66 66 66 66 66 66 66 66 66 66 66 66 
66 66 66 66 66 66 66 66 66 66 66 33 66 66 33 66 66 66 66 66 66 66 66 66 66 66 66 66 66 66 66 66 66 66 66 66 66 66 66 66 66 66 66 66 66 66 66 66 66 66 66 66 66 66 66 66 66 66 66 66 66 66 66 66 
66 66 66 33 33 66 33 66 66 33 66 33 66 33 66 66 66 33 33 66 66 33 33 66 33 66 66 66 33 66 66 33 66 66 66 66 66 66 66 66 66 33 33 33 66 33 33 66 33 33 66 66 33 66 66 33 33 33 66 33 66 33 66 33 
33 66 33 66 33 66 66 66 33 33 33 66 33 33 66 33 66 66 66 66 66 66 66 66 66 33 33 66 66 33 66 33 66 66 66 33 33 66 33 33 66 66 66 66 66 66 33 66 66 66 33 33 66 33 33 66 66 33 33 33 66 33 33 66 
33 33 33 66 66 33 66 33 66 66 33 66 33 66 33 66 33 66 66 33 33 66 33 33 66 66 33 66 66 66 33 66 33 33 33 66 66 33 33 33 66 66 66 66 33 33 66 33 66 33 66 33 66 33 66 66 66 66 66 66 33 66 66 66 
66 66 66 33 66 66 33 33 66 66 66 33 66 66 66 66 66 33 33 66 66 33 33 66 33 66 66 33 33 66 33 66 66 33 33 66 66 33 66 66 33 33 33 33 33 33 66 66 33 33 66 66 33 66 66 33 33 66 66 66 66 66 66 33 
66 66 66 66 33 66 66 66 33 33 33 66 66 33 66 33 66 66 33 66 66 33 66 66 66 33 66 66 66 33 66 33 66 66 66 33 33 66 66 66 66 33 33 33 66 66 33 66 33 66 33 33 33 66 66 33 66 33 33 33 66 33 33 66 
33 33 33 66 66 33 66 66 33 66 33 66 33 66 33 33 33 66 66 33 33 66 66 33 66 33 33 66 66 33 66 66 33 66 66 66 33 33 33 33 66 66 66 66 33 66 66 33 66 66 33 33 66 33 33 66 66 66 66 66 33 66 66 66 
66 66 66 33 66 33 66 33 66 66 66 33 66 66 66 66 33 33 66 33 33 66 33 33 33 66 66 33 33 66 33 66 33 33 33 66 66 33 66 66 33 66 66 33 33 33 66 33 66 33 66 66 66 66 66 66 33 66 66 66 33 66 66 33 
66 66 66 33 33 66 33 66 66 33 66 33 66 33 66 66 66 33 33 66 66 33 66 66 33 66 66 66 33 66 66 33 66 66 66 33 66 66 66 66 66 33 33 33 66 66 33 66 33 66 66 66 33 66 66 33 33 33 33 33 66 33 33 33 
33 66 33 66 33 66 66 66 33 66 33 66 33 66 66 33 66 66 66 33 66 66 66 33 66 33 33 66 66 33 66 33 66 66 66 33 33 66 33 33 66 66 66 66 66 66 66 33 66 66 33 33 66 33 33 66 66 33 33 33 66 33 33 66 
33 33 33 66 66 33 66 33 66 66 66 66 33 66 33 66 33 66 66 33 33 66 33 33 66 66 33 33 66 66 33 66 33 33 33 66 66 33 33 33 33 66 66 66 33 33 66 33 66 33 66 66 66 33 66 66 66 66 66 66 33 66 66 66 
66 66 66 33 66 66 33 66 66 33 66 33 66 33 66 66 66 33 33 66 66 33 33 66 33 66 66 33 33 66 33 33 66 66 33 66 66 66 66 66 33 33 33 33 66 33 66 66 33 33 66 66 33 66 66 33 33 33 66 66 66 66 66 33 
66 66 33 66 33 66 66 66 33 33 33 66 33 33 66 33 66 66 33 66 66 33 66 66 66 33 66 66 66 33 66 33 66 66 66 33 33 66 66 66 66 33 66 66 66 66 33 66 33 66 33 33 66 66 33 33 66 33 33 33 66 33 33 66 
33 33 33 66 66 33 66 66 33 66 33 66 33 66 33 33 33 66 66 33 33 66 66 33 66 66 33 66 66 33 66 66 33 66 33 66 33 33 33 33 66 66 66 66 33 66 66 33 66 66 33 33 66 33 33 66 66 66 66 66 33 66 66 66 
66 66 66 33 66 33 33 33 66 66 66 33 66 66 66 66 33 33 66 66 33 66 33 66 33 66 66 33 33 66 33 66 33 33 33 66 66 33 66 66 33 66 33 33 33 33 66 66 66 33 66 66 33 66 66 66 33 66 66 66 33 66 66 33 
66 66 66 33 33 66 33 66 33 33 66 66 66 33 66 33 66 33 33 66 66 33 66 66 66 66 66 66 66 33 66 33 66 66 66 33 66 66 66 66 66 33 33 33 66 66 33 66 33 66 66 66 33 66 66 33 33 33 33 33 66 33 33 66 
33 33 33 66 33 66 66 66 33 66 33 66 33 66 33 33 66 66 66 33 66 66 66 33 66 33 33 66 66 33 66 66 33 66 66 33 33 66 33 33 66 66 66 66 66 66 66 33 66 66 33 33 66 33 33 66 66 66 33 33 33 66 33 66 
33 33 66 66 66 33 66 33 66 66 66 66 66 66 33 66 33 66 66 33 33 66 33 33 33 66 66 33 66 66 33 66 33 33 33 66 66 33 33 33 33 66 66 66 33 33 66 33 66 33 66 66 66 33 66 66 33 66 66 66 33 66 66 33 
