#21 16 57 46 24 43 50 11 58 30  8 25  4 56 10 33 48 62 39 34 29 35  0 54 61 27 59 17  9 20 41 19  6 26 42 14  7  5 45 44 40 49 53 38 51 23 18 60 37  3 36 47 32 13 55 28 15  1 31  2 63 12 22 52 
198 165 132 198 1023 165 231 132 2079 165 165 2244 198 462 396 165 2244 165 132 132 363 7359 165 132 132 132 132 132 132 132 1683 132 132 132 132 132 132 132 165 132 132 132 132 2343 132 165 2112 165 132 132 165 165 165 429 363 132 396 2409 363 132 132 165 429 132 
33 66 33 33 33 33 33 66 66 33 66 33 66 33 66 66 66 33 66 66 66 66 66 66 66 33 33 66 66 66 66 33 66 66 66 33 66 33 33 66 66 66 66 66 66 33 66 66 33 66 33 66 33 33 33 33 66 33 66 66 33 66 33 66 
66 33 66 66 66 33 66 33 33 66 66 66 66 33 33 66 66 66 33 33 66 33 33 66 33 33 66 33 66 33 33 33 33 33 66 33 66 66 66 66 66 33 66 33 66 66 66 33 33 33 66 66 33 33 66 66 66 66 66 33 33 66 66 66 
66 66 66 33 66 66 66 66 66 66 33 66 33 66 33 33 66 66 66 66 33 66 66 33 33 66 66 33 33 66 33 66 66 66 33 66 33 66 66 33 33 33 33 66 33 66 33 33 66 66 66 33 66 66 33 66 33 66 33 66 66 33 66 33 
33 66 33 33 33 66 33 66 66 33 66 33 66 33 66 66 33 33 66 66 66 66 66 66 66 66 33 66 66 66 66 33 66 66 66 66 66 33 33 33 66 66 33 66 33 33 66 66 66 66 33 33 66 66 33 33 33 33 33 66 66 66 33 33 
33 33 66 66 66 33 33 33 33 66 66 66 66 33 66 66 66 33 33 33 66 33 33 66 33 33 66 66 66 33 66 33 33 33 66 33 66 33 66 66 66 66 66 33 66 66 66 66 33 33 33 66 33 33 66 66 66 66 66 33 33 66 66 66 
66 33 66 66 66 66 66 33 33 66 33 66 33 66 33 33 66 66 33 33 33 66 33 33 33 66 66 33 33 33 33 66 66 33 33 66 33 66 66 66 33 33 66 33 66 66 33 33 66 33 66 66 66 66 66 66 66 66 66 66 66 33 66 66 
66 66 33 33 33 66 66 66 66 33 66 33 66 66 66 66 33 66 66 66 33 66 66 33 66 66 33 66 33 66 66 66 66 66 33 66 33 66 33 33 66 66 33 66 33 33 33 66 66 66 66 33 66 66 33 33 33 33 33 66 66 33 33 33 
33 66 33 66 33 33 33 66 33 33 66 66 66 33 66 66 33 33 66 66 66 33 66 66 66 33 33 66 66 66 66 33 33 66 66 33 66 33 33 66 66 66 66 33 66 33 66 66 33 66 33 66 33 33 66 33 66 66 66 33 33 66 33 66 
66 33 66 66 66 66 66 33 33 66 33 66 33 66 33 33 66 66 33 33 66 33 33 66 33 66 66 33 66 33 33 66 33 33 66 33 66 66 66 66 33 33 66 33 66 66 66 33 33 33 66 66 66 33 66 66 66 66 66 33 33 66 66 66 
66 66 66 33 66 66 66 66 66 66 33 33 33 66 33 33 66 66 66 66 33 66 66 33 66 66 66 33 33 66 33 66 66 66 33 66 33 66 66 33 33 33 33 66 33 66 33 33 66 66 66 33 66 66 33 66 33 33 33 66 66 33 66 33 
33 66 33 33 33 33 33 66 66 33 66 33 66 33 66 66 33 33 66 66 66 66 66 66 66 33 33 66 66 66 66 33 66 66 66 33 66 33 33 66 66 66 66 66 33 33 66 66 33 66 33 33 33 66 33 33 66 33 66 66 66 66 33 66 
33 33 66 66 66 33 33 33 33 66 66 66 66 33 66 66 66 33 33 33 66 33 33 66 33 33 66 66 66 33 66 33 33 33 66 33 66 33 66 66 66 66 66 33 66 66 66 66 33 33 33 66 33 33 66 66 66 66 66 33 33 66 66 66 
66 66 66 66 66 66 66 33 66 66 33 66 33 66 33 33 66 66 33 66 33 66 33 33 33 66 66 33 33 33 33 66 66 66 33 66 33 66 66 33 33 33 33 66 66 66 33 33 66 33 66 66 66 66 66 66 33 66 33 66 66 33 66 33 
33 66 33 33 33 66 66 66 66 33 66 33 66 66 66 66 33 33 66 66 33 66 66 33 66 66 33 66 33 66 66 66 66 66 66 66 33 66 33 33 66 66 33 66 33 33 33 66 66 66 66 33 66 66 33 33 33 33 33 66 66 66 33 33 
33 33 33 66 66 33 33 66 33 66 66 66 66 33 66 66 33 33 66 33 66 33 66 66 66 33 33 66 66 66 66 33 33 33 66 33 66 33 33 66 66 66 66 33 66 33 66 66 33 66 33 66 33 33 66 66 66 66 66 33 33 66 33 66 
66 33 66 66 66 66 66 33 33 66 33 66 33 66 33 33 66 66 33 33 66 33 33 66 33 66 66 33 66 33 33 66 33 33 33 66 66 66 66 66 33 33 66 33 66 66 66 33 66 33 66 66 66 33 66 66 66 66 66 33 33 33 66 66 
66 66 66 33 33 66 66 66 66 33 33 33 33 66 66 33 66 66 66 66 33 66 66 33 66 66 33 66 33 66 66 66 66 66 33 66 33 66 66 33 33 66 33 66 33 33 33 66 66 66 66 33 66 66 33 33 33 33 33 66 66 33 66 33 
33 66 33 33 33 33 33 66 66 33 66 33 66 33 66 66 33 33 66 66 66 66 66 66 66 33 33 66 66 66 66 33 66 66 66 33 66 33 33 66 66 66 66 66 33 33 66 66 33 66 33 33 33 66 33 33 66 33 66 66 66 66 33 66 
66 33 66 66 66 33 66 33 33 66 66 66 66 33 33 66 66 66 33 33 66 33 33 66 33 33 66 33 66 33 33 33 33 33 66 33 66 66 66 66 66 33 66 33 66 66 66 33 33 33 66 66 33 33 66 66 66 66 66 33 33 66 66 66 
66 66 66 66 66 66 66 66 66 66 33 66 33 66 33 33 66 66 33 66 33 66 33 33 33 66 66 33 33 33 33 66 66 66 33 66 33 66 66 33 33 33 33 66 33 66 33 33 66 66 66 33 66 66 66 66 33 66 33 66 66 33 66 33 
33 66 33 33 33 66 33 66 66 33 66 33 66 66 66 66 33 33 66 66 66 66 66 66 66 66 33 66 33 66 66 66 66 66 66 66 33 33 33 33 66 66 33 66 33 33 66 66 66 66 33 33 66 66 33 33 33 33 33 66 66 66 33 33 
33 33 33 66 66 33 33 33 33 66 66 66 66 33 66 66 33 33 66 33 66 33 66 66 66 33 66 66 66 66 66 33 33 33 66 33 66 33 33 66 66 66 66 33 66 66 66 66 33 33 33 66 33 33 66 66 66 66 66 33 33 66 33 66 
66 33 66 66 66 66 66 33 33 66 33 66 33 66 33 33 66 66 33 33 33 66 33 33 33 66 66 33 33 33 33 66 66 33 33 66 33 66 66 66 33 33 66 33 66 66 33 33 66 33 66 66 66 66 66 66 66 66 66 66 66 33 66 66 
66 66 66 33 33 66 66 66 66 33 33 33 33 66 66 33 66 66 66 66 33 66 66 33 66 66 33 66 33 66 66 66 66 66 33 66 33 66 66 33 33 66 33 66 33 33 33 66 66 66 66 33 66 66 33 33 33 33 33 66 66 33 66 33 
33 66 33 66 33 33 33 66 66 33 66 33 66 33 66 66 33 33 66 66 66 33 66 66 66 33 33 66 66 66 66 33 33 66 66 33 66 33 33 66 66 66 66 66 66 33 66 66 33 66 33 66 33 33 66 33 66 33 66 33 33 66 33 66 
66 33 66 66 66 33 66 33 33 66 66 66 33 66 33 33 66 66 33 33 66 33 33 66 33 33 66 33 66 33 33 66 33 33 66 33 66 66 66 66 66 33 66 33 66 66 66 33 33 33 66 66 33 33 66 66 66 66 66 33 33 66 66 66 
66 66 66 33 66 66 66 66 66 66 33 33 33 66 33 33 66 66 66 66 33 66 66 33 66 66 66 33 33 66 33 66 66 66 33 66 33 66 66 33 33 33 33 66 33 66 33 33 66 66 66 33 66 66 33 66 33 33 33 66 66 33 66 33 
33 66 33 33 33 66 33 66 66 33 66 33 66 33 66 66 33 33 66 66 66 66 66 66 66 66 33 66 66 66 66 33 66 66 66 66 66 33 33 33 66 66 33 66 33 33 66 66 66 66 33 33 66 66 33 33 33 33 33 66 66 66 33 33 
33 33 66 66 66 33 33 33 33 66 66 66 66 33 66 66 66 33 33 33 66 33 33 66 33 33 66 66 66 33 66 33 33 33 66 33 66 33 66 66 66 66 66 33 66 66 66 66 33 33 33 66 33 33 66 66 66 66 66 33 33 66 66 66 
66 33 66 66 66 66 66 33 66 66 33 66 33 66 33 33 66 66 33 33 33 66 33 33 33 66 66 33 33 33 33 66 66 33 33 66 33 66 66 66 33 33 66 66 66 66 33 33 66 33 66 66 66 66 66 66 33 66 33 66 66 33 66 66 
66 66 33 33 33 66 66 66 66 33 66 33 66 66 66 66 33 66 66 66 33 66 66 33 66 66 33 66 33 66 66 66 66 66 33 66 33 66 33 33 66 66 33 66 33 33 33 66 66 66 66 33 66 66 33 33 33 33 33 66 66 33 33 33 
33 66 33 66 33 33 33 66 33 33 66 66 66 33 66 66 33 33 66 66 66 33 66 66 66 33 33 66 66 66 66 33 33 66 66 33 66 33 33 66 66 66 66 33 66 33 66 66 33 66 33 66 33 33 66 33 66 66 66 33 33 66 33 66 
66 33 66 66 66 66 66 33 33 66 33 66 33 66 33 33 66 66 33 33 66 33 33 66 33 66 66 33 66 33 33 66 33 33 33 66 66 66 66 66 33 33 66 33 66 66 66 33 66 33 66 66 66 33 66 66 66 66 66 33 33 33 66 66 
66 66 66 33 66 66 66 66 66 66 33 33 33 66 33 33 66 66 66 66 33 66 66 33 66 66 66 33 33 66 33 66 66 66 33 66 33 66 66 33 33 33 33 66 33 66 33 33 66 66 66 33 66 66 33 66 33 33 33 66 66 33 66 33 
33 66 33 33 33 33 33 66 66 33 66 33 66 33 66 66 33 33 66 66 66 66 66 66 66 33 33 66 66 66 66 33 66 66 66 33 66 33 33 66 66 66 66 66 33 33 66 66 33 66 33 33 33 66 33 33 66 33 66 66 66 66 33 66 
66 33 66 66 66 33 33 33 33 66 66 66 66 33 66 66 66 66 33 33 66 33 33 66 33 33 66 33 66 33 66 33 33 33 66 33 66 33 66 66 66 33 66 33 66 66 66 66 33 33 33 66 33 33 66 66 66 66 66 33 33 66 66 66 
66 66 66 66 66 66 66 33 66 66 33 66 33 66 33 33 66 66 33 66 33 66 33 33 33 66 66 33 33 33 33 66 66 66 33 66 33 66 66 33 33 33 33 66 66 66 33 33 66 33 66 66 66 66 66 66 33 66 33 66 66 33 66 33 
33 66 33 33 33 66 66 66 66 33 66 33 66 66 66 66 33 33 66 66 33 66 66 33 66 66 33 66 33 66 66 66 66 66 66 66 33 66 33 33 66 66 33 66 33 33 33 66 66 66 66 33 66 66 33 33 33 33 33 66 66 66 33 33 
33 33 33 66 66 33 33 33 33 66 66 66 66 33 66 66 33 33 66 33 66 33 66 66 66 33 66 66 66 66 66 33 33 33 66 33 66 33 33 66 66 66 66 33 66 66 66 66 33 33 33 66 33 33 66 66 66 66 66 33 33 66 33 66 
66 33 66 66 66 66 66 33 33 66 33 66 33 66 33 33 66 66 33 33 66 33 33 66 33 66 66 33 66 33 33 66 33 33 33 66 66 66 66 66 33 33 66 33 66 66 66 33 66 33 66 66 66 33 66 66 66 66 66 33 33 33 66 66 
66 66 66 33 33 66 66 66 66 33 33 33 33 66 66 33 66 66 66 66 33 66 66 33 66 66 33 66 33 66 66 66 66 66 33 66 33 66 66 33 33 66 33 66 33 33 33 66 66 66 66 33 66 66 33 33 33 33 33 66 66 33 66 33 
33 66 33 33 33 33 33 66 66 33 66 33 66 33 66 66 33 33 66 66 66 66 66 66 66 33 33 66 66 66 66 33 66 66 66 33 66 33 33 66 66 66 66 66 66 33 66 66 33 66 33 66 33 33 33 33 66 33 66 66 33 66 33 66 
66 33 66 66 66 33 66 33 33 66 66 66 66 33 33 66 66 66 33 33 66 33 33 66 33 33 66 33 66 33 33 33 33 33 66 33 66 66 66 66 66 33 66 33 66 66 66 33 33 33 66 66 33 33 66 66 66 66 66 33 33 66 66 66 
66 66 66 66 66 66 66 66 66 66 33 66 33 66 33 33 66 66 33 66 33 66 33 33 33 66 66 33 33 33 33 66 66 66 33 66 33 66 66 33 33 33 33 66 33 66 33 33 66 66 66 33 66 66 66 66 33 66 33 66 66 33 66 33 
33 66 33 33 33 66 33 66 66 33 66 33 66 33 66 66 33 33 66 66 66 66 66 66 66 66 33 66 66 66 66 33 66 66 66 66 66 33 33 33 66 66 33 66 33 33 66 66 66 66 33 33 66 66 33 33 33 33 33 66 66 66 33 33 
33 33 33 66 66 33 33 33 33 66 66 66 66 33 66 66 33 33 66 33 66 33 66 66 66 33 66 66 66 66 66 33 33 33 66 33 66 33 33 66 66 66 66 33 66 66 66 66 33 33 33 66 33 33 66 66 66 66 66 33 33 66 33 66 
66 33 66 66 66 66 66 33 33 66 33 66 33 66 33 33 66 66 33 33 33 66 33 33 33 66 66 33 33 33 33 66 66 33 33 66 33 66 66 66 33 33 66 33 66 66 33 33 66 33 66 66 66 66 66 66 66 66 66 66 66 33 66 66 
66 66 33 33 33 66 66 66 66 33 33 33 66 66 66 66 66 66 66 66 33 66 66 33 66 66 33 66 33 66 66 66 66 66 33 66 33 66 66 33 33 66 33 66 33 33 33 66 66 66 66 33 66 66 33 33 33 33 33 66 66 33 66 33 
33 66 33 66 33 33 33 66 33 33 66 66 66 33 66 66 33 33 66 66 66 33 66 66 66 33 33 66 66 66 66 33 33 66 66 33 66 33 33 66 66 66 66 33 66 33 66 66 33 66 33 66 33 33 66 33 66 66 66 33 33 66 33 66 
66 33 66 66 66 33 66 33 33 66 66 66 33 66 33 33 66 66 33 33 66 33 33 66 33 33 66 33 66 33 33 66 33 33 66 33 66 66 66 66 66 33 66 33 66 66 66 33 33 33 66 66 33 33 66 66 66 66 66 33 33 66 66 66 
66 66 66 33 66 66 66 66 66 66 33 33 33 66 33 33 66 66 66 66 33 66 66 33 66 66 66 33 33 66 33 66 66 66 33 66 33 66 66 33 33 33 33 66 33 66 33 33 66 66 66 33 66 66 33 66 33 33 33 66 66 33 66 33 
33 66 33 33 33 66 33 66 66 33 66 33 66 33 66 66 33 33 66 66 66 66 66 66 66 33 33 66 66 66 66 33 66 66 66 66 66 33 33 33 66 66 33 66 33 33 66 66 33 66 33 33 66 66 33 33 66 33 66 66 66 66 33 33 
33 33 66 66 66 33 33 33 33 66 66 66 66 33 66 66 66 33 33 33 66 33 33 66 33 33 66 66 66 33 66 33 33 33 66 33 66 33 66 66 66 66 66 33 66 66 66 66 33 33 33 66 33 33 66 66 66 66 66 33 33 66 66 66 
66 33 66 66 66 66 66 33 66 66 33 66 33 66 33 33 66 66 33 33 33 66 33 33 33 66 66 33 33 33 33 66 66 33 33 66 33 66 66 66 33 33 66 66 66 66 33 33 66 33 66 66 66 66 66 66 33 66 33 66 66 33 66 66 
33 66 33 33 33 66 66 66 66 33 66 33 66 66 66 66 33 33 66 66 33 66 66 33 66 66 33 66 33 66 66 66 66 66 66 66 33 66 33 33 66 66 33 66 33 33 33 66 66 66 66 33 66 66 33 33 33 33 33 66 66 66 33 33 
33 66 33 66 33 33 33 66 33 33 66 66 66 33 66 66 33 33 66 66 66 33 66 66 66 33 33 66 66 66 66 33 33 66 66 33 66 33 33 66 66 66 66 33 66 33 66 66 33 66 33 66 33 33 66 33 66 66 66 33 33 66 33 66 
66 33 66 66 66 66 66 33 33 66 33 66 33 66 33 33 66 66 33 33 66 33 33 66 33 66 66 33 66 33 33 66 33 33 33 66 66 66 66 66 33 33 66 33 66 66 66 33 66 33 66 66 66 33 66 66 66 66 66 33 33 33 66 66 
66 66 66 33 66 66 66 66 66 33 33 33 33 66 33 33 66 66 66 66 33 66 66 33 66 66 33 66 33 66 33 66 66 66 33 66 33 66 66 33 33 66 33 66 33 66 33 33 66 66 66 33 66 66 33 66 33 33 33 66 66 33 66 33 
33 66 33 33 33 33 33 66 66 33 66 33 66 33 66 66 33 33 66 66 66 66 66 66 66 33 33 66 66 66 66 33 66 66 66 33 66 33 33 66 66 66 66 66 33 33 66 66 33 66 33 33 33 66 33 33 66 33 66 66 66 66 33 66 
66 33 66 66 66 33 33 33 33 66 66 66 66 33 66 66 66 66 33 33 66 33 33 66 33 33 66 33 66 33 66 33 33 33 66 33 66 33 66 66 66 33 66 33 66 66 66 66 33 33 33 66 33 33 66 66 66 66 66 33 33 66 66 66 
66 66 66 66 66 66 66 66 66 66 33 66 33 66 33 33 66 66 33 66 33 66 33 33 33 66 66 33 33 33 33 66 66 66 33 66 33 66 66 33 33 33 33 66 33 66 33 33 66 66 66 33 66 66 66 66 33 66 33 66 66 33 66 33 
33 66 33 33 33 66 66 66 66 33 66 33 66 66 66 66 33 33 66 66 33 66 66 33 66 66 33 66 33 66 66 66 66 66 66 66 33 66 33 33 66 66 33 66 33 33 33 66 66 66 66 33 66 66 33 33 33 33 33 66 66 66 33 33 
33 33 33 66 66 33 33 33 33 66 66 66 66 33 66 66 33 33 66 33 66 33 66 66 66 33 66 66 66 66 66 33 33 33 66 33 66 33 33 66 66 66 66 33 66 66 66 66 33 33 33 66 33 33 66 66 66 66 66 33 33 66 33 66 
66 33 66 66 66 66 66 33 33 66 33 66 33 66 33 33 66 66 33 33 66 33 33 33 33 66 66 33 66 33 33 66 33 33 33 66 33 66 66 66 33 33 66 33 66 66 66 33 66 33 66 66 66 66 66 66 66 66 66 33 66 33 66 66 
66 66 66 33 33 66 66 66 66 33 33 33 33 66 66 33 66 66 66 66 33 66 66 33 66 66 33 66 33 66 66 66 66 66 33 66 33 66 66 33 33 66 33 66 33 33 33 66 66 66 66 33 66 66 33 33 33 33 33 66 66 33 66 33 
33 66 33 33 33 33 33 66 66 33 66 33 66 33 66 66 33 33 66 66 66 66 66 66 66 33 33 66 66 66 66 33 66 66 66 33 66 33 33 66 66 66 66 66 66 33 66 66 33 66 33 66 33 33 33 33 66 33 66 66 33 66 33 66 
66 33 66 66 66 33 66 33 33 66 66 66 33 66 33 33 66 66 33 33 66 33 33 66 33 33 66 33 66 33 33 66 33 33 66 33 66 66 66 66 66 33 66 33 66 66 66 33 33 33 66 66 33 33 66 66 66 66 66 33 33 66 66 66 
66 66 66 66 66 66 66 66 66 66 33 66 33 66 33 33 66 66 33 66 33 66 33 33 33 66 66 33 33 33 33 66 66 66 33 66 33 66 66 33 33 33 33 66 33 66 33 33 66 66 66 33 66 66 66 66 33 33 33 66 66 33 66 33 
33 66 33 33 33 66 33 66 66 33 66 33 66 33 66 66 33 33 66 66 66 66 66 66 66 66 33 66 66 66 66 33 66 66 66 66 66 33 33 33 66 66 33 66 33 33 66 66 66 66 33 33 66 66 33 33 33 33 33 66 66 66 33 33 
33 33 66 66 66 33 33 33 33 66 66 66 66 33 66 66 33 33 66 33 66 33 33 66 66 33 66 66 66 66 66 33 33 33 66 33 66 33 33 66 66 66 66 33 66 66 66 66 33 33 33 66 33 33 66 66 66 66 66 33 33 66 33 66 
66 33 66 66 66 66 66 33 66 66 33 66 33 66 33 33 66 66 33 33 33 66 33 33 33 66 66 33 33 33 33 66 66 33 33 66 33 66 66 66 33 33 66 66 66 66 33 33 66 33 66 66 66 66 66 66 33 66 33 66 66 33 66 66 
66 66 33 33 33 66 66 66 66 33 33 33 66 66 66 66 66 66 66 66 33 66 66 33 66 66 33 66 33 66 66 66 66 66 33 66 33 66 66 33 33 66 33 66 33 33 33 66 66 66 66 33 66 66 33 33 33 33 33 66 66 33 66 33 
33 66 33 66 33 33 33 66 33 33 66 66 66 33 66 66 33 33 66 66 66 33 66 66 66 33 33 66 66 66 66 33 33 66 66 33 66 33 33 66 66 66 66 33 66 33 66 66 33 66 33 66 33 33 66 33 66 66 66 33 33 66 33 66 
66 33 66 66 66 33 66 33 33 66 33 66 33 66 33 33 66 66 33 33 66 33 33 66 33 66 66 33 66 33 33 66 33 33 33 33 66 66 66 66 66 33 66 33 66 66 66 33 66 33 66 66 33 33 66 66 66 66 66 33 33 66 66 66 
66 66 66 33 66 66 66 66 66 66 33 33 33 66 33 33 66 66 66 66 33 66 66 33 66 66 66 33 33 66 33 66 66 66 33 66 33 66 66 33 33 33 33 66 33 66 33 33 66 66 66 33 66 66 33 66 33 33 33 66 66 33 66 33 
33 66 33 33 33 66 33 66 66 33 66 33 66 33 66 66 33 33 66 66 66 66 66 66 66 33 33 66 66 66 66 33 66 66 66 66 66 33 33 33 66 66 33 66 33 33 66 66 33 66 33 33 66 66 33 33 66 33 66 66 66 66 33 33 
66 33 66 66 66 33 33 33 33 66 66 66 66 33 66 66 66 66 33 33 66 33 33 66 33 33 66 33 66 33 66 33 33 33 66 33 66 33 66 66 66 33 66 33 66 66 66 66 33 33 33 66 33 33 66 66 66 66 66 33 33 66 66 66 
66 33 66 66 66 66 66 33 66 66 33 66 33 66 33 33 66 66 33 33 33 66 33 33 33 66 66 33 33 33 33 66 66 33 33 66 33 66 66 66 33 33 66 66 66 66 33 33 66 33 66 66 66 66 66 66 33 66 33 66 66 33 66 66 
33 66 33 33 33 66 66 66 66 33 66 33 66 66 66 66 33 33 66 66 33 66 66 33 66 66 33 66 33 66 66 66 66 66 66 66 33 66 33 33 66 66 33 66 33 33 33 66 66 66 66 33 66 66 33 33 33 33 33 66 66 66 33 33 
33 66 33 66 33 33 33 33 33 66 66 66 66 33 66 66 33 33 66 33 66 33 66 66 66 33 66 66 66 66 66 33 33 66 66 33 66 33 33 66 66 66 66 33 66 33 66 66 33 66 33 66 33 33 66 33 66 66 66 33 33 66 33 66 
66 33 66 66 66 66 66 33 33 66 33 66 33 66 33 33 66 66 33 33 66 33 33 66 33 66 66 33 66 33 33 66 33 33 33 66 66 66 66 66 33 33 66 33 66 66 66 33 66 33 66 66 66 33 66 66 66 66 66 33 33 33 66 66 
66 66 66 33 66 66 66 66 66 33 33 33 33 66 33 33 66 66 66 66 33 66 66 33 66 66 33 66 33 66 33 66 66 66 33 66 33 66 66 33 33 66 33 66 33 66 33 33 66 66 66 33 66 66 33 66 33 33 33 66 66 33 66 33 
33 66 33 33 33 33 33 66 66 33 66 33 66 33 66 66 33 33 66 66 66 66 66 66 66 33 33 66 66 66 66 33 66 66 66 33 66 33 33 66 66 66 66 66 66 33 66 66 33 66 33 66 33 33 33 33 66 33 66 66 33 66 33 66 
66 33 66 66 66 33 33 33 33 66 66 66 66 33 66 66 66 66 33 33 66 33 33 66 33 33 66 33 66 33 66 33 33 33 66 33 66 33 66 66 66 33 66 33 66 66 66 66 33 33 33 66 33 33 66 66 66 66 66 33 33 66 66 66 
66 66 66 66 66 66 66 66 66 66 33 66 33 66 33 33 66 66 33 66 33 66 33 33 33 66 66 33 33 33 33 66 66 66 33 66 33 66 66 33 33 33 33 66 33 66 33 33 66 66 66 33 66 66 66 66 33 66 33 66 66 33 66 33 
33 66 33 33 33 66 66 66 66 33 66 33 66 33 66 66 33 33 66 66 33 66 66 66 66 66 33 66 33 66 66 66 66 66 66 66 66 33 33 33 66 66 33 66 33 33 33 66 66 66 66 33 66 66 33 33 33 33 33 66 66 66 33 33 
33 33 33 66 66 33 33 33 33 66 66 66 66 33 66 66 33 33 66 33 66 33 66 66 66 33 66 66 66 66 66 33 33 33 66 33 66 33 33 66 66 66 66 33 66 66 66 66 33 33 33 66 33 33 66 66 66 66 66 33 33 66 33 66 
66 33 66 66 66 66 66 33 33 66 33 66 33 66 33 33 66 66 33 33 66 33 33 33 33 66 66 33 66 33 33 66 33 33 33 66 33 66 66 66 33 33 66 33 66 66 66 33 66 33 66 66 66 66 66 66 66 66 66 33 66 33 66 66 
66 66 33 33 33 66 66 66 66 33 33 33 66 66 66 66 66 66 66 66 33 66 66 33 66 66 33 66 33 66 66 66 66 66 33 66 33 66 66 33 33 66 33 66 33 33 33 66 66 66 66 33 66 66 33 33 33 33 33 66 66 33 66 33 
33 66 33 33 33 33 33 66 66 33 66 33 66 33 66 66 33 33 66 66 66 33 66 66 66 33 33 66 66 66 66 33 66 66 66 33 66 33 33 66 66 66 66 33 66 33 66 66 33 66 33 66 33 33 33 33 66 66 66 66 33 66 33 66 
66 33 66 66 66 33 66 33 33 66 66 66 33 66 33 33 66 66 33 33 66 33 33 66 33 33 66 33 66 33 33 66 33 33 66 33 66 66 66 66 66 33 66 33 66 66 66 33 33 33 66 66 33 33 66 66 66 66 66 33 33 66 66 66 
66 66 66 66 66 66 66 66 66 66 33 66 33 66 33 33 66 66 33 66 33 66 66 33 33 66 66 33 33 33 33 66 66 66 33 66 33 66 66 33 33 33 33 66 33 66 33 33 66 66 66 33 66 66 66 66 33 33 33 66 66 33 66 33 
33 66 33 33 33 66 33 66 66 33 66 33 66 33 66 66 33 33 66 66 66 66 66 66 66 33 33 66 66 66 66 33 66 66 66 66 66 33 33 33 66 66 33 66 33 33 66 66 33 66 33 33 66 66 33 33 66 33 66 66 66 66 33 33 
33 33 66 66 66 33 33 33 33 66 66 66 66 33 66 66 33 33 66 33 66 33 33 66 66 33 66 66 66 66 66 33 33 33 66 33 66 33 33 66 66 66 66 33 66 66 66 66 33 33 33 66 33 33 66 66 66 66 66 33 33 66 33 66 
66 33 66 66 66 66 66 33 66 66 33 66 33 66 33 33 66 66 33 33 33 66 33 33 33 66 66 33 33 33 33 66 66 33 33 66 33 66 66 66 33 33 66 66 66 66 33 33 66 33 66 66 66 66 66 66 33 66 33 66 66 33 66 66 
33 66 33 33 33 66 66 66 66 33 66 33 66 66 66 66 66 66 66 66 33 66 66 33 66 66 33 66 33 66 66 66 66 66 66 66 33 66 66 33 33 66 33 66 33 33 33 66 66 66 66 33 66 66 33 33 33 33 33 66 66 33 33 33 
33 66 33 66 33 33 33 66 33 33 66 66 66 33 66 66 33 33 66 66 66 33 66 66 66 33 33 66 66 66 66 33 33 66 66 33 66 33 33 66 66 66 66 33 66 33 66 66 33 66 33 66 33 33 66 33 66 66 66 33 33 66 33 66 
66 33 66 66 66 33 66 33 33 66 33 66 33 66 33 33 66 66 33 33 66 33 33 66 33 66 66 33 66 33 33 66 33 33 33 33 66 66 66 66 66 33 66 33 66 66 66 33 66 33 66 66 33 33 66 66 66 66 66 33 33 66 66 66 
66 66 66 33 66 66 66 66 66 33 33 33 33 66 33 33 66 66 66 66 33 66 66 33 66 66 33 66 33 66 33 66 66 66 33 66 33 66 66 33 33 66 33 66 33 66 33 33 66 66 66 33 66 66 33 66 33 33 33 66 66 33 66 33 
33 66 33 33 33 66 33 66 66 33 66 33 66 33 66 66 33 33 66 66 66 66 66 66 66 33 33 66 66 66 66 33 66 66 66 66 66 33 33 33 66 66 33 66 33 33 66 66 33 66 33 33 66 66 33 33 66 33 66 66 66 66 33 33 
66 33 66 66 66 33 33 33 33 66 66 66 66 33 66 66 66 66 33 33 66 33 33 66 33 33 66 33 66 33 66 33 33 33 66 33 66 33 66 66 66 33 66 33 66 66 66 66 33 33 33 66 33 33 66 66 66 66 66 33 33 66 66 66 
66 33 66 66 66 66 66 66 66 66 33 66 33 66 33 33 66 66 33 66 33 66 33 33 33 66 66 33 33 33 33 66 66 33 33 66 33 66 66 66 33 33 33 66 33 66 33 33 66 33 66 66 66 66 66 66 33 66 33 66 66 33 66 66 
33 66 33 33 33 66 66 66 66 33 66 33 66 66 66 66 33 33 66 66 33 66 66 33 66 66 33 66 33 66 66 66 66 66 66 66 33 66 33 33 66 66 33 66 33 33 33 66 66 66 66 33 66 66 33 33 33 33 33 66 66 66 33 33 
33 66 33 66 33 33 33 33 33 66 66 66 66 33 66 66 33 33 66 33 66 33 66 66 66 33 66 66 66 66 66 33 33 66 66 33 66 33 33 66 66 66 66 33 66 33 66 66 33 66 33 66 33 33 66 33 66 66 66 33 33 66 33 66 
66 33 66 66 66 66 66 33 33 66 33 66 33 66 33 33 66 66 33 33 66 33 33 33 33 66 66 33 66 33 33 66 33 33 33 66 33 66 66 66 33 33 66 33 66 66 66 33 66 33 66 66 66 66 66 66 66 66 66 33 66 33 66 66 
66 66 66 33 66 66 66 66 66 33 33 33 33 66 33 33 66 66 66 66 33 66 66 33 66 66 33 66 33 66 33 66 66 66 33 66 33 66 66 33 33 66 33 66 33 66 33 33 66 66 66 33 66 66 33 66 33 33 33 66 66 33 66 33 
33 66 33 33 33 33 33 66 66 33 66 33 66 33 66 66 33 33 66 66 66 66 66 66 66 33 33 66 66 66 66 33 66 66 66 33 66 33 33 66 66 66 66 66 66 33 66 66 33 66 33 66 33 33 33 33 66 33 66 66 33 66 33 66 
66 33 66 66 66 33 33 33 33 66 66 66 66 66 66 33 66 66 33 33 66 33 33 66 33 33 66 33 66 33 66 33 33 33 66 33 66 66 66 66 66 33 66 33 66 66 66 33 33 33 33 66 33 33 66 66 66 66 66 33 33 66 66 66 
66 66 66 66 66 66 66 66 66 66 33 66 33 66 33 33 66 66 33 66 33 66 33 33 33 66 66 33 33 33 33 66 66 66 33 66 33 66 66 33 33 33 33 66 33 66 33 33 66 66 66 33 66 66 66 66 33 33 33 66 66 33 66 33 
33 66 33 33 33 66 66 66 66 33 66 33 66 33 66 66 33 33 66 66 33 66 66 66 66 66 33 66 33 66 66 66 66 66 66 66 66 33 33 33 66 66 33 66 33 33 33 66 66 66 66 33 66 66 33 33 33 33 33 66 66 66 33 33 
33 33 66 66 66 33 33 33 33 66 66 66 66 33 66 66 33 33 66 33 66 33 33 66 66 33 66 66 66 66 66 33 33 33 66 33 66 33 33 66 66 66 66 33 66 66 66 66 33 33 33 66 33 33 66 66 66 66 66 33 33 66 33 66 
66 33 66 66 66 66 66 33 33 66 33 66 33 66 33 33 66 66 33 33 66 66 33 33 33 66 66 33 66 33 33 66 33 33 33 66 33 66 66 66 33 33 66 66 66 66 33 33 66 33 66 66 66 66 66 66 66 66 33 33 66 33 66 66 
66 66 33 33 33 66 66 66 66 33 33 33 66 66 66 66 66 66 66 66 33 66 66 33 66 66 33 66 33 66 66 66 66 66 33 66 33 66 66 33 33 66 33 66 33 33 33 66 66 66 66 33 66 66 33 33 33 33 33 66 66 33 66 33 
33 66 33 33 33 33 33 66 66 33 66 33 66 33 66 66 33 33 66 66 66 33 66 66 66 33 33 66 66 66 66 33 66 66 66 33 66 33 33 66 66 66 66 33 66 33 66 66 33 66 33 66 33 33 33 33 66 66 66 66 33 66 33 66 
66 33 66 66 66 33 66 33 33 66 33 66 33 66 33 33 66 66 33 33 66 33 33 66 33 66 66 33 66 33 33 66 33 33 33 33 66 66 66 66 66 33 66 33 66 66 66 33 66 33 66 66 33 33 66 66 66 66 66 33 33 66 66 66 
66 66 66 66 66 66 66 66 66 66 33 66 33 66 33 33 66 66 33 66 33 66 66 33 33 66 66 33 33 33 33 66 66 66 33 66 33 66 66 33 33 33 33 66 33 66 33 33 66 66 66 33 66 66 66 66 33 33 33 66 66 33 66 33 
33 66 33 33 33 66 33 66 66 33 66 33 66 33 66 66 33 33 66 66 66 66 66 66 66 33 33 66 66 66 66 33 66 66 66 66 66 33 33 33 66 66 33 66 33 33 66 66 33 66 33 33 66 66 33 33 66 33 66 66 66 66 33 33 
66 33 66 66 66 33 33 33 33 66 66 66 66 33 66 66 33 33 66 33 66 33 33 66 66 33 66 33 66 33 66 33 33 33 66 33 66 33 33 66 66 66 66 33 66 66 66 66 33 33 33 66 33 33 66 66 66 66 66 33 33 66 66 66 
66 33 66 66 66 66 66 33 66 66 33 66 33 66 33 33 66 66 33 33 33 66 33 33 33 66 66 33 33 33 33 66 66 33 33 66 33 66 66 66 33 33 66 66 66 66 33 33 66 33 66 66 66 66 66 66 33 66 33 66 66 33 66 66 
33 66 33 33 33 66 66 66 66 33 66 33 66 66 66 66 66 66 66 66 33 66 66 33 66 66 33 66 33 66 66 66 66 66 66 66 33 66 66 33 33 66 33 66 33 33 33 66 66 66 66 33 66 66 33 33 33 33 33 66 66 33 33 33 
33 66 33 66 33 33 33 33 33 66 66 66 66 33 66 66 33 33 66 33 66 33 66 66 66 33 66 66 66 66 66 33 33 66 66 33 66 33 33 66 66 66 66 33 66 33 66 66 33 66 33 66 33 33 66 33 66 66 66 33 33 66 33 66 
66 33 66 66 66 33 66 33 33 66 33 66 33 66 33 33 66 66 33 33 66 33 33 66 33 66 66 33 66 33 33 66 33 33 33 33 66 66 66 66 66 33 66 33 66 66 66 33 66 33 66 66 33 33 66 66 66 66 66 33 33 66 66 66 
66 66 66 33 66 66 66 66 66 33 33 33 33 66 33 33 66 66 66 66 33 66 66 33 66 66 33 66 33 66 33 66 66 66 33 66 33 66 66 33 33 66 33 66 33 66 33 33 66 66 66 33 66 66 33 66 33 33 33 66 66 33 66 33 
33 66 33 33 33 33 33 66 66 33 66 33 66 33 66 66 33 33 66 66 66 66 66 66 66 33 33 66 66 66 66 33 66 66 66 66 66 33 33 33 66 66 66 66 66 33 66 66 33 66 33 33 66 33 33 33 66 33 66 66 66 66 33 33 
66 33 66 66 66 33 33 33 33 66 66 66 66 33 66 66 66 66 33 33 66 33 33 66 33 33 66 33 66 33 66 33 33 33 66 33 66 33 66 66 66 33 66 33 66 66 66 66 33 33 33 66 33 33 66 66 66 66 66 33 33 66 66 66 
66 33 66 66 66 66 66 66 66 66 33 66 33 66 33 33 66 66 33 66 33 66 33 33 33 66 66 33 33 33 33 66 66 33 33 66 33 66 66 66 33 33 33 66 33 66 33 33 66 33 66 66 66 66 66 66 33 66 33 66 66 33 66 66 
33 66 33 33 33 66 66 66 66 33 66 33 66 33 66 66 33 33 66 66 33 66 66 66 66 66 33 66 33 66 66 66 66 66 66 66 66 33 33 33 66 66 33 66 33 33 33 66 66 66 66 33 66 66 33 33 33 33 33 66 66 66 33 33 
33 66 33 66 33 33 33 33 33 66 66 66 66 33 66 66 33 33 66 33 66 33 66 66 66 33 66 66 66 66 66 33 33 66 66 33 66 33 33 66 66 66 66 33 66 33 66 66 33 66 33 66 33 33 66 33 66 66 66 33 33 66 33 66 
66 33 66 66 66 66 66 33 33 66 33 66 33 66 33 33 66 66 33 33 66 33 33 33 33 66 66 33 66 33 33 66 33 33 33 66 33 66 66 66 33 33 66 33 66 66 66 33 66 33 66 66 66 66 66 66 66 66 66 33 66 33 66 66 
66 66 33 33 66 66 66 66 66 33 33 33 33 66 33 66 66 66 66 66 33 66 66 33 66 66 33 66 33 66 33 66 66 66 33 66 33 66 66 33 33 66 33 66 33 66 33 66 66 66 66 33 66 66 33 33 33 33 33 66 66 33 66 33 
33 66 33 33 33 33 33 66 66 33 66 33 66 33 66 66 33 33 66 66 66 33 66 66 66 33 33 66 66 66 66 33 66 66 66 33 66 33 33 66 66 66 66 33 66 33 66 66 33 66 33 66 33 33 33 33 66 66 66 66 33 66 33 66 
66 33 66 66 66 33 33 33 33 66 66 66 66 66 66 33 66 66 33 33 66 33 33 66 33 33 66 33 66 33 66 33 33 33 66 33 66 66 66 66 66 33 66 33 66 66 66 33 33 33 33 66 33 33 66 66 66 66 66 33 33 66 66 66 
66 66 66 66 66 66 66 66 66 66 33 66 33 66 33 33 66 66 33 66 33 66 66 33 33 66 66 33 33 33 33 66 66 66 33 66 33 66 66 33 33 33 33 66 33 66 33 33 66 66 66 33 66 66 66 66 33 33 33 66 66 33 66 33 
33 66 33 33 33 66 66 66 66 33 66 33 66 33 66 66 33 33 66 66 33 66 66 66 66 33 33 66 33 66 66 66 66 66 66 66 66 33 33 33 66 66 33 66 33 33 66 66 66 66 33 33 66 66 33 33 33 33 66 66 66 66 33 33 
33 33 66 66 66 33 33 33 33 66 66 66 66 33 66 66 33 33 66 33 66 33 33 66 66 33 66 66 66 66 66 33 33 33 66 33 66 33 33 66 66 66 66 33 66 66 66 66 33 33 33 66 33 33 66 66 66 66 66 33 33 66 33 66 
66 33 66 66 66 66 66 33 33 66 33 66 33 66 33 33 66 66 33 33 66 66 33 33 33 66 66 33 66 33 33 66 33 33 33 66 33 66 66 66 33 33 66 66 66 66 33 33 66 33 66 66 66 66 66 66 66 66 33 33 66 33 66 66 
33 66 33 33 33 66 66 66 66 33 66 33 66 66 66 66 66 66 66 66 33 66 66 33 66 66 33 66 33 66 66 66 66 66 66 66 33 66 66 33 33 66 33 66 33 33 33 66 66 66 66 33 66 66 33 33 33 33 33 66 66 33 33 33 
33 66 33 33 33 33 33 66 66 33 66 33 66 33 66 66 33 33 66 66 66 33 66 66 66 33 33 66 66 66 66 33 66 66 66 33 66 33 33 66 66 66 66 33 66 33 66 66 33 66 33 66 33 33 33 33 66 66 66 66 33 66 33 66 
66 33 66 66 66 33 66 33 33 66 33 66 33 66 33 33 66 66 33 33 66 33 33 66 33 66 66 33 66 33 33 66 33 33 33 33 66 66 66 66 66 33 66 33 66 66 66 33 66 33 66 66 33 33 66 66 66 66 66 33 33 66 66 66 
66 66 66 66 66 66 66 66 66 33 33 66 33 66 33 33 66 66 33 66 33 66 66 33 33 66 66 66 33 66 33 66 66 66 33 66 33 66 66 33 33 33 33 66 33 66 33 33 66 66 66 33 66 66 33 66 33 33 33 66 66 33 66 33 
33 66 33 33 33 66 33 66 66 33 66 33 66 33 66 66 33 33 66 66 66 66 66 66 66 33 33 66 66 66 66 33 66 66 66 66 66 33 33 33 66 66 33 66 33 33 66 66 33 66 33 33 66 66 33 33 66 33 66 66 66 66 33 33 
66 33 66 66 66 33 33 33 33 66 66 66 66 33 66 66 33 33 66 33 66 33 33 66 66 33 66 33 66 33 66 33 33 33 66 33 66 33 33 66 66 66 66 33 66 66 66 66 33 33 33 66 33 33 66 66 66 66 66 33 33 66 66 66 
66 33 66 66 66 66 66 66 66 66 33 66 33 66 33 33 66 66 33 66 33 66 33 33 33 66 66 33 33 33 33 66 66 33 33 66 33 66 66 66 33 33 33 66 33 66 33 33 66 33 66 66 66 66 66 66 33 66 33 66 66 33 66 66 
33 66 33 33 33 66 66 66 66 33 66 33 66 66 66 66 66 66 66 66 33 66 66 33 66 66 33 66 33 66 66 66 66 66 66 66 33 66 66 33 33 66 33 66 33 33 33 66 66 66 66 33 66 66 33 33 33 33 33 66 66 33 33 33 
33 66 33 66 33 33 33 33 33 66 66 66 66 33 66 66 33 33 66 33 66 33 66 66 66 33 66 66 66 66 66 33 33 66 66 33 66 33 33 66 66 66 66 33 66 33 66 66 33 66 33 66 33 33 66 33 66 66 66 33 33 66 33 66 
66 33 66 66 66 66 66 33 33 66 33 66 33 66 33 33 66 66 33 33 66 33 33 33 33 66 66 33 66 33 33 66 33 33 33 33 66 66 66 66 33 33 66 33 66 66 66 33 66 33 66 66 33 66 66 66 66 66 66 33 33 66 66 66 
66 66 66 33 66 66 66 66 66 33 33 33 33 66 33 33 66 66 66 66 33 66 66 33 66 66 33 66 33 66 33 66 66 66 33 66 33 66 66 33 33 66 33 66 33 66 33 33 66 66 66 33 66 66 33 66 33 33 33 66 66 33 66 33 
33 66 33 33 33 33 33 66 66 33 66 33 66 33 66 66 33 33 66 66 66 66 66 66 66 33 33 66 66 66 66 33 66 66 66 66 66 33 33 33 66 66 66 66 66 33 66 66 33 66 33 33 66 33 33 33 66 33 66 66 66 66 33 33 
66 33 66 66 66 33 33 33 33 66 66 66 66 66 66 33 66 66 33 33 66 33 33 66 33 33 66 33 66 33 66 33 33 33 66 33 66 66 66 66 66 33 66 33 66 66 66 33 33 33 33 66 33 33 66 66 66 66 66 33 33 66 66 66 
66 33 66 66 66 66 66 66 66 66 33 66 33 66 33 33 66 66 33 66 33 66 33 33 33 66 66 33 33 33 33 66 66 33 33 66 33 66 66 66 33 33 33 66 33 66 33 33 66 33 66 66 66 66 66 66 33 66 33 66 66 33 66 66 
33 66 33 33 33 66 66 66 66 33 66 33 66 33 66 66 33 33 66 66 33 66 66 66 66 66 33 66 33 66 66 66 66 66 66 66 66 33 33 33 66 66 33 66 33 33 33 66 66 66 66 33 66 66 33 33 33 33 33 66 66 66 33 33 
33 33 66 66 33 33 33 33 33 66 66 66 66 33 66 66 33 33 66 33 66 33 33 66 66 33 66 66 66 66 66 33 33 66 66 33 66 33 33 66 66 66 66 33 66 33 66 66 33 66 33 66 33 33 66 66 66 66 66 33 33 66 33 66 
66 33 66 66 66 66 66 33 33 66 33 66 33 66 33 33 66 66 33 33 66 66 33 33 33 66 66 33 66 33 33 66 33 33 33 66 33 66 66 66 33 33 66 66 66 66 33 33 66 33 66 66 66 66 66 66 66 66 33 33 66 33 66 66 
66 66 33 33 66 66 66 66 66 33 33 33 33 66 33 66 66 66 66 66 33 66 66 33 66 66 33 66 33 66 33 66 66 66 33 66 33 66 66 33 33 66 33 66 33 66 33 66 66 66 66 33 66 66 33 33 33 33 33 66 66 33 66 33 
33 66 33 33 33 33 33 66 66 33 66 33 66 33 66 66 33 33 66 66 66 33 66 66 66 33 33 66 66 66 66 33 66 66 66 33 66 33 33 66 66 66 66 33 66 33 66 66 33 66 33 66 33 33 33 33 66 66 66 66 33 66 33 66 
66 33 66 66 66 33 33 33 33 66 33 66 66 66 66 33 66 66 33 33 66 33 33 66 33 66 66 33 66 33 33 33 33 33 66 33 66 66 66 66 66 33 66 33 66 66 66 33 33 33 66 66 33 33 66 66 66 66 66 33 33 66 66 66 
66 66 66 66 66 66 66 66 66 66 33 66 33 66 33 33 66 66 33 66 33 66 66 33 33 66 66 33 33 33 33 66 66 66 33 66 33 66 66 33 33 33 33 66 33 66 33 33 66 66 66 33 66 66 66 66 33 33 33 66 66 33 66 33 
33 66 33 33 33 66 66 66 66 33 66 33 66 33 66 66 33 33 66 66 33 66 66 66 66 33 33 66 33 66 66 66 66 66 66 66 66 33 33 33 66 66 33 66 33 33 66 66 66 66 33 33 66 66 33 33 33 33 66 66 66 66 33 33 
66 33 66 66 66 33 33 33 33 66 66 66 66 33 66 66 33 33 66 33 66 33 33 66 66 33 66 33 66 33 66 33 33 33 66 33 66 33 33 66 66 66 66 33 66 66 66 66 33 33 33 66 33 33 66 66 66 66 66 33 33 66 66 66 
66 33 66 66 66 66 66 33 33 66 33 66 33 66 33 33 66 66 33 33 66 66 33 33 33 66 66 33 66 33 33 66 33 33 33 66 33 66 66 66 33 33 66 66 66 66 33 33 66 33 66 66 66 66 66 66 66 66 33 33 66 33 66 66 
33 66 33 33 33 66 66 66 66 33 66 33 66 66 66 66 66 66 66 66 33 66 66 33 66 66 33 66 33 66 66 66 66 66 66 66 33 66 66 33 33 66 33 66 33 33 33 66 66 66 66 33 66 66 33 33 33 33 33 66 66 33 33 33 
33 66 33 33 33 33 33 66 66 66 66 33 66 33 66 66 33 33 66 33 66 33 66 66 66 33 33 66 66 66 66 33 66 66 66 33 66 33 33 66 66 66 66 33 66 33 66 66 33 66 33 66 33 33 66 33 66 66 66 33 33 66 33 66 
66 33 66 66 66 33 66 33 33 66 33 66 33 66 33 33 66 66 33 33 66 33 33 66 33 66 66 33 66 33 33 66 33 33 33 33 66 66 66 66 66 33 66 33 66 66 66 33 66 33 66 66 33 33 66 66 66 66 66 33 33 66 66 66 
66 66 66 66 66 66 66 66 66 33 33 66 33 66 33 33 66 66 33 66 33 66 66 33 33 66 66 66 33 66 33 66 66 66 33 66 33 66 66 33 33 33 33 66 33 66 33 33 66 66 66 33 66 66 33 66 33 33 33 66 66 33 66 33 
33 66 33 33 33 33 33 66 66 33 66 33 66 33 66 66 33 33 66 66 66 66 66 66 66 33 33 66 66 66 66 33 66 66 66 66 66 33 33 33 66 66 66 66 66 33 66 66 33 66 33 33 66 33 33 33 66 33 66 66 66 66 33 33 
66 33 66 66 66 33 33 33 33 66 66 66 66 33 66 66 33 33 66 33 66 33 33 66 66 33 66 33 66 33 66 33 33 33 66 33 66 33 33 66 66 66 66 33 66 66 66 66 33 33 33 66 33 33 66 66 66 66 66 33 33 66 66 66 
66 33 66 66 66 66 66 66 66 66 33 66 33 66 33 33 66 66 33 66 33 66 33 33 33 66 66 33 33 33 33 66 66 33 33 66 33 66 66 66 33 33 33 66 33 66 33 33 66 33 66 66 66 66 66 66 33 66 33 66 66 33 66 66 
33 66 33 33 33 66 66 66 66 33 66 33 66 66 66 66 66 66 66 66 33 66 66 66 66 66 33 66 33 66 66 66 66 66 66 66 33 33 33 33 66 66 33 66 33 33 33 66 66 66 66 33 66 66 33 33 33 33 33 66 66 33 33 33 
33 66 33 66 33 33 33 33 33 66 66 66 66 33 66 66 33 33 66 33 66 33 66 66 66 33 66 66 66 66 66 33 33 66 66 33 66 33 33 66 66 66 66 33 66 33 66 66 33 66 33 66 33 33 66 33 66 66 66 33 33 66 33 66 
66 33 66 66 66 66 66 33 33 66 33 66 33 66 33 33 66 66 33 33 66 33 33 33 33 66 66 33 66 33 33 66 33 33 33 33 66 66 66 66 33 33 66 33 66 66 66 33 66 33 66 66 33 66 66 66 66 66 66 33 33 66 66 66 
66 66 33 33 66 66 66 66 66 33 33 33 33 66 33 66 66 66 66 66 33 66 66 33 66 66 33 66 33 66 33 66 66 66 33 66 33 66 66 33 33 66 33 66 33 66 33 66 66 66 66 33 66 66 33 33 33 33 33 66 66 33 66 33 
33 66 33 33 33 33 33 66 66 33 66 33 66 33 66 66 33 33 66 66 66 33 66 66 66 33 33 66 66 66 66 33 66 66 66 66 66 33 33 33 66 66 66 66 66 33 66 66 33 66 33 33 66 33 33 33 66 33 66 66 66 66 33 33 
66 33 66 66 66 33 33 33 33 66 66 66 66 66 66 33 66 66 33 33 66 33 33 66 33 33 66 33 66 33 66 33 33 33 66 33 66 66 66 66 66 33 66 33 66 66 66 33 33 33 33 66 33 33 66 66 66 66 66 33 33 66 66 66 
66 66 66 66 66 66 66 66 66 66 33 66 33 66 33 33 66 66 33 66 33 66 66 33 33 66 66 33 33 33 33 66 66 33 33 66 33 66 66 66 33 33 33 66 33 66 33 33 66 33 66 66 66 66 66 66 33 66 33 66 66 33 66 33 
33 66 33 33 33 66 66 66 66 33 66 33 66 33 66 66 33 33 66 66 33 66 66 66 66 33 33 66 33 66 66 66 66 66 66 66 66 33 33 33 66 66 33 66 33 33 66 66 66 66 33 33 66 66 33 33 33 33 66 66 66 66 33 33 
33 33 66 66 33 33 33 33 33 66 66 66 66 33 66 66 33 33 66 33 66 33 33 66 66 33 66 66 66 66 66 33 33 66 66 33 66 33 33 66 66 66 66 33 66 33 66 66 33 66 33 66 33 33 66 66 66 66 66 33 33 66 33 66 
66 33 66 66 66 66 66 33 33 66 33 66 33 66 33 33 66 66 33 33 66 66 33 33 33 66 66 33 66 33 33 66 33 33 33 66 33 66 66 66 33 33 66 66 66 66 33 33 66 33 66 66 66 66 66 66 66 66 33 33 66 33 66 66 
66 66 33 33 33 66 66 66 66 33 66 33 33 66 33 66 66 66 66 66 33 66 66 33 66 66 33 66 33 66 66 66 66 66 33 66 33 66 66 33 33 66 33 66 33 66 33 66 66 66 66 33 66 66 33 33 33 33 33 66 66 33 33 33 
33 66 33 33 33 33 33 66 66 33 66 33 66 33 66 66 33 33 66 66 66 33 66 66 66 33 33 66 66 66 66 33 66 66 66 33 66 33 33 66 66 66 66 33 66 33 66 66 33 66 33 66 33 33 33 33 66 66 66 66 33 66 33 66 
66 33 66 66 66 33 33 33 33 66 33 66 66 66 66 33 66 66 33 33 66 33 33 66 33 66 66 33 66 33 33 33 33 33 66 33 66 66 66 66 66 33 66 33 66 66 66 33 33 33 66 66 33 33 66 66 66 66 66 33 33 66 66 66 
66 66 66 66 66 66 66 66 66 33 33 66 33 66 33 33 66 66 33 66 33 66 66 33 33 66 66 66 33 66 33 66 66 66 33 66 33 66 66 33 33 33 33 66 33 66 33 33 66 66 66 33 66 66 33 66 33 33 33 66 66 33 66 33 
33 66 33 33 33 66 66 66 66 33 66 33 66 33 66 66 33 33 66 66 33 66 66 66 66 33 33 66 33 66 66 66 66 66 66 66 66 33 33 33 66 66 33 66 33 33 66 66 66 66 33 33 66 66 33 33 33 33 66 66 66 66 33 33 
66 33 66 66 66 33 33 33 33 66 66 66 66 33 66 66 33 33 66 33 66 33 33 66 66 33 66 33 66 33 66 33 33 33 66 33 66 33 33 66 66 66 66 33 66 66 66 66 33 33 33 66 33 33 66 66 66 66 66 33 33 66 66 66 
66 33 66 66 66 66 66 33 33 66 33 66 33 66 33 33 66 66 33 66 33 66 33 33 33 66 66 33 66 33 33 66 33 33 33 66 33 66 66 66 33 33 33 66 66 66 33 33 66 33 66 66 66 66 66 66 66 66 33 66 66 33 66 66 
33 66 33 33 33 66 66 66 66 33 66 33 66 66 66 66 66 66 66 66 33 66 66 33 66 66 33 66 33 66 66 66 66 66 66 66 33 66 66 33 33 66 33 66 33 33 33 66 66 66 66 33 66 66 33 33 33 33 33 66 66 33 33 33 
33 66 33 33 33 33 33 66 66 66 66 33 66 33 66 66 33 33 66 33 66 33 66 66 66 33 33 66 66 66 66 33 66 66 66 33 66 33 33 66 66 66 66 33 66 33 66 66 33 66 33 66 33 33 66 33 66 66 66 33 33 66 33 66 
66 33 66 66 66 66 66 33 33 66 33 66 33 66 33 33 66 66 33 33 66 33 33 33 33 66 66 33 66 33 33 66 33 33 33 33 66 66 66 66 33 33 66 33 66 66 66 33 66 33 66 66 33 66 66 66 66 66 66 33 33 66 66 66 
66 66 66 66 66 66 66 66 66 33 33 66 33 66 33 33 66 66 33 66 33 66 66 33 33 66 66 66 33 66 33 66 66 66 33 66 33 66 66 33 33 33 33 66 33 66 33 33 66 66 66 33 66 66 33 66 33 33 33 66 66 33 66 33 
33 66 33 33 33 33 33 66 66 33 66 33 66 33 66 66 33 33 66 66 66 66 66 66 66 33 33 66 66 66 66 33 66 66 66 66 66 33 33 33 66 66 66 66 66 33 66 66 33 66 33 33 66 33 33 33 66 33 66 66 66 66 33 33 
66 33 66 66 66 33 33 33 33 66 66 66 66 33 66 66 33 33 33 33 66 33 33 66 66 33 66 33 66 33 66 33 33 33 66 33 66 66 66 66 66 66 66 33 66 66 66 33 33 33 33 66 33 33 66 66 66 66 66 33 33 66 66 66 
66 33 66 66 66 66 66 66 66 66 33 66 33 66 33 33 66 66 33 66 33 66 33 33 33 66 66 33 33 33 33 66 66 33 33 66 33 66 66 66 33 33 33 66 33 66 33 33 66 33 66 66 66 66 66 66 33 66 33 66 66 33 66 66 
33 66 33 33 33 66 66 66 66 33 66 33 66 66 66 66 66 66 66 66 33 66 66 66 66 66 33 66 33 66 66 66 66 66 66 66 33 33 33 33 66 66 33 66 33 33 33 66 66 66 66 33 66 66 33 33 33 33 33 66 66 33 33 33 
33 33 66 66 33 33 33 33 33 66 66 66 66 33 66 66 33 33 66 33 66 33 33 66 66 33 66 66 66 66 66 33 33 66 66 33 66 33 33 66 66 66 66 33 66 33 66 66 33 66 33 66 33 33 66 66 66 66 66 33 33 66 33 66 
66 33 66 66 66 66 66 33 33 66 33 66 33 66 33 33 66 66 33 33 66 66 33 33 33 66 66 33 66 33 33 66 33 33 33 33 66 66 66 66 33 33 66 33 66 66 33 33 66 33 66 66 33 66 66 66 66 66 66 33 33 66 66 66 
66 66 33 33 66 66 66 66 66 33 33 33 33 66 33 66 66 66 66 66 33 66 66 33 66 66 33 66 33 66 33 66 66 66 33 66 33 66 66 33 33 66 33 66 33 66 33 66 66 66 66 33 66 66 33 33 33 33 33 66 66 33 66 33 
33 66 33 33 33 33 33 66 66 33 66 33 66 33 66 66 33 33 66 66 66 33 66 66 66 33 33 66 66 66 66 33 66 66 66 66 66 33 33 33 66 66 66 66 66 33 66 66 33 66 33 33 33 33 33 33 66 33 66 66 66 66 33 66 
66 33 66 66 66 33 33 33 33 66 33 66 66 66 66 33 66 66 33 33 66 33 33 66 33 66 66 33 66 33 33 33 33 33 66 33 66 66 66 66 66 33 66 33 66 66 66 33 33 33 66 66 33 33 66 66 66 66 66 33 33 66 66 66 
66 66 66 66 66 66 66 66 66 66 33 66 33 66 33 33 66 66 33 66 33 66 66 33 33 66 66 33 33 33 33 66 66 33 33 66 33 66 66 66 33 33 33 66 33 66 33 33 66 33 66 66 66 66 66 66 33 66 33 66 66 33 66 33 
33 66 33 33 33 66 66 66 66 33 66 33 66 33 66 66 33 33 66 66 33 66 66 66 66 33 33 66 33 66 66 66 66 66 66 66 66 33 33 33 66 66 33 66 33 33 66 66 66 66 33 33 66 66 33 33 33 33 66 66 66 66 33 33 
33 33 66 66 66 33 33 33 33 66 66 66 66 33 66 66 33 33 66 33 66 33 33 66 66 33 66 66 66 33 66 33 33 33 66 33 66 33 33 66 66 66 66 33 66 33 66 66 33 66 33 66 33 33 66 66 66 66 66 33 33 66 66 66 
66 33 66 66 66 66 66 33 33 66 33 66 33 66 33 33 66 66 33 33 66 66 33 33 33 66 66 33 66 33 33 66 33 33 33 66 33 66 66 66 33 33 66 66 66 66 33 33 66 33 66 66 66 66 66 66 66 66 33 33 66 33 66 66 
66 66 33 33 33 66 66 66 66 33 66 33 33 66 33 66 66 66 66 66 33 66 66 33 66 66 33 66 33 66 66 66 66 66 33 66 33 66 66 33 33 66 33 66 33 66 33 66 66 66 66 33 66 66 33 33 33 33 33 66 66 33 33 33 
33 66 33 33 33 33 33 66 66 66 66 33 66 33 66 66 33 33 66 33 66 33 66 66 66 33 33 66 66 66 66 33 66 66 66 33 66 33 33 66 66 66 66 33 66 33 66 66 33 66 33 66 33 33 66 33 66 66 66 33 33 66 33 66 
66 33 66 66 66 33 33 33 33 66 33 66 66 66 66 33 66 66 33 33 66 33 33 66 33 66 66 33 66 33 33 33 33 33 66 33 66 66 66 66 66 33 66 33 66 66 66 33 33 33 66 66 33 33 66 66 66 66 66 33 33 66 66 66 
66 66 66 66 66 66 66 66 66 33 33 66 33 66 33 33 66 66 33 66 33 66 66 33 33 66 66 66 33 66 33 66 66 66 33 66 33 66 66 33 33 33 33 66 33 66 33 33 66 66 66 33 66 66 33 66 33 33 33 66 66 33 66 33 
33 66 33 33 33 33 33 66 66 33 66 33 66 33 66 66 33 33 66 66 66 66 66 66 66 33 33 66 33 66 66 66 66 66 66 66 66 33 33 33 66 66 66 66 33 33 66 66 66 66 33 33 66 66 33 33 33 33 66 66 66 66 33 33 
66 33 66 66 66 33 33 33 33 66 66 66 66 33 66 66 33 33 66 33 66 33 33 66 66 33 66 33 66 33 66 33 33 33 66 33 66 33 33 66 66 66 66 33 66 66 66 66 33 33 33 66 33 33 66 66 66 66 66 33 33 66 66 66 
66 33 66 66 66 66 66 33 33 66 33 66 33 66 33 33 66 66 33 66 33 66 33 33 33 66 66 33 66 33 33 66 33 33 33 66 33 66 66 66 33 33 33 66 66 66 33 33 66 33 66 66 66 66 66 66 66 66 33 66 66 33 66 66 
33 66 33 33 33 66 66 66 66 33 66 33 66 66 66 66 66 66 66 66 33 66 66 66 66 66 33 66 33 66 66 66 66 66 66 66 33 33 33 33 66 66 33 66 33 33 33 66 66 66 66 33 66 66 33 33 33 33 33 66 66 33 33 33 
33 66 33 33 33 33 33 66 66 66 66 33 66 33 66 66 33 33 66 33 66 33 66 66 66 33 33 66 66 66 66 33 66 66 66 33 66 33 33 66 66 66 66 33 66 33 66 66 33 66 33 66 33 33 66 33 66 66 66 33 33 66 33 66 
66 33 66 66 66 66 66 33 33 66 33 66 33 66 33 33 66 66 33 33 66 33 33 33 33 66 66 33 66 33 33 66 33 33 33 33 66 66 66 66 33 33 66 33 66 66 66 33 66 33 66 66 33 66 66 66 66 66 66 33 33 66 66 66 
66 66 66 33 66 66 66 66 66 33 33 66 33 66 33 33 66 66 66 66 33 66 66 33 33 66 66 66 33 66 33 66 66 66 33 66 33 66 66 33 33 33 33 66 33 66 33 66 66 66 66 33 66 66 33 33 33 33 33 66 66 33 66 33 
33 66 33 33 33 33 33 66 66 33 66 33 66 33 66 66 33 33 66 66 66 33 66 66 66 33 33 66 66 66 66 33 66 66 66 66 66 33 33 33 66 66 66 66 66 33 66 66 33 66 33 33 66 33 33 33 66 33 66 66 66 66 33 33 
66 33 66 66 66 33 33 33 33 66 66 66 66 33 66 66 33 33 33 33 66 33 33 66 66 33 66 33 66 33 66 33 33 33 66 33 66 66 66 66 66 66 66 33 66 66 66 33 33 33 33 66 33 33 66 66 66 66 66 33 33 66 66 66 
66 66 66 66 66 66 66 66 66 66 33 66 33 66 33 33 66 66 33 66 33 66 66 33 33 66 66 33 33 33 33 66 66 33 33 66 33 66 66 66 33 33 33 66 33 66 33 33 66 33 66 66 66 66 66 66 33 66 33 66 66 33 66 33 
33 66 33 33 33 66 66 66 66 33 66 33 66 66 66 66 33 66 66 66 33 66 66 66 66 66 33 66 33 66 66 66 66 66 66 66 33 33 33 33 66 66 33 66 33 33 66 66 66 66 33 33 66 66 33 33 33 33 33 66 66 33 33 33 
33 33 66 66 33 33 33 33 33 66 66 66 66 33 66 66 33 33 66 33 66 33 33 66 66 33 66 66 66 66 66 33 33 66 66 33 66 33 33 66 66 66 66 33 66 33 66 66 33 66 33 66 33 33 66 66 66 66 66 33 33 66 33 66 
66 33 66 66 66 66 66 33 33 66 33 66 33 66 33 33 66 66 33 33 66 66 33 33 33 66 66 33 66 33 33 66 33 33 33 33 66 66 66 66 33 33 66 33 66 66 33 33 66 33 66 66 66 66 66 66 66 66 66 33 33 66 66 66 
66 66 33 33 33 66 66 66 66 33 66 33 33 66 33 66 66 66 66 66 33 66 66 33 66 66 33 66 33 66 66 66 66 66 33 66 33 66 66 33 33 66 33 66 33 66 33 66 66 66 66 33 66 66 33 33 33 33 33 66 66 33 33 33 
33 66 33 33 33 33 33 66 66 33 66 33 66 33 66 66 33 33 66 66 66 33 66 66 66 33 33 66 66 66 66 33 66 66 66 66 66 33 33 33 66 66 66 66 66 33 66 66 33 66 33 33 33 33 33 33 66 33 66 66 66 66 33 66 
66 33 66 66 66 33 33 33 33 66 33 66 66 66 66 33 66 66 33 33 66 33 33 66 33 66 66 33 66 33 33 33 33 33 66 33 66 66 66 66 66 33 66 33 66 66 66 33 33 33 66 66 33 33 66 66 66 66 66 33 33 66 66 66 
66 66 66 66 66 66 66 66 66 66 33 66 33 66 33 33 66 66 33 66 33 66 66 33 33 66 66 33 33 66 33 66 66 66 33 66 33 66 66 33 33 33 33 66 33 66 33 33 66 33 66 66 66 66 33 66 33 66 33 66 66 33 66 33 
33 66 33 33 33 66 66 66 66 33 66 33 66 33 66 66 33 33 66 66 33 66 66 66 66 33 33 66 33 66 66 66 66 66 66 66 66 33 33 33 66 66 33 66 33 33 66 66 66 66 33 33 66 66 33 33 33 33 66 66 66 66 33 33 
33 33 66 66 66 33 33 33 33 66 66 66 66 33 66 66 33 33 66 33 66 33 33 66 66 33 66 66 66 33 66 33 33 33 66 33 66 33 33 66 66 66 66 33 66 33 66 66 33 66 33 66 33 33 66 66 66 66 66 33 33 66 66 66 
66 33 66 66 66 66 66 33 33 66 33 66 33 66 33 33 66 66 33 66 33 66 33 33 33 66 66 33 66 33 33 66 33 33 33 66 33 66 66 66 33 33 33 66 66 66 33 33 66 33 66 66 66 66 66 66 66 66 33 66 66 33 66 66 
66 66 33 33 33 66 66 66 66 33 66 33 33 66 33 66 66 66 66 66 33 66 66 33 66 66 33 66 33 66 66 66 66 66 33 66 33 66 66 33 33 66 33 66 33 66 33 66 66 66 66 33 66 66 33 33 33 33 33 66 66 33 33 33 
33 66 33 33 33 33 33 66 66 66 66 33 66 33 66 66 33 33 66 33 66 33 66 66 66 33 33 66 66 66 66 33 66 66 66 33 66 33 33 66 66 66 66 33 66 33 66 66 33 66 33 66 33 33 66 33 66 66 66 33 33 66 33 66 
66 33 66 66 66 66 66 33 33 66 33 66 66 66 33 33 66 66 33 33 66 33 33 66 33 66 66 33 66 33 33 33 33 33 66 33 66 66 66 66 33 33 66 33 66 66 66 33 33 33 66 66 33 33 66 66 66 66 66 33 33 66 66 66 
66 66 66 66 66 66 66 66 66 33 33 66 33 66 33 33 66 66 33 66 33 66 66 33 33 66 66 66 33 66 33 66 66 66 33 66 33 66 66 33 33 33 33 66 33 66 33 33 66 66 66 33 66 66 33 66 33 33 33 66 66 33 66 33 
33 66 33 33 33 33 33 66 66 33 66 33 66 33 66 66 33 33 66 66 66 66 66 66 66 33 33 66 33 66 66 66 66 66 66 66 66 33 33 33 66 66 66 66 33 33 66 66 66 66 33 33 66 66 33 33 33 33 66 66 66 66 33 33 
66 33 66 66 66 33 33 33 33 66 66 66 66 33 66 66 33 33 33 33 66 33 33 66 66 33 66 33 66 33 66 33 33 33 66 33 66 66 66 66 66 66 66 33 66 66 66 33 33 33 33 66 33 33 66 66 66 66 66 33 33 66 66 66 
66 33 66 66 66 66 66 33 33 66 33 66 33 66 33 33 66 66 33 66 33 66 33 33 33 66 66 33 66 33 33 66 33 33 33 66 33 66 66 66 33 33 33 66 66 66 33 33 66 33 66 66 66 66 66 66 66 66 33 66 66 33 66 66 
33 66 33 33 33 66 66 66 66 33 66 33 66 66 66 66 66 66 66 66 33 66 66 66 66 66 33 66 33 66 66 66 66 66 66 66 33 33 33 33 66 66 33 66 33 33 33 66 66 66 66 33 66 66 33 33 33 33 33 66 66 33 33 33 
33 33 33 66 33 33 33 66 66 66 66 33 66 33 66 66 33 33 66 33 66 33 66 66 66 33 33 66 66 66 66 33 33 66 66 33 66 33 33 66 66 66 66 33 66 33 66 66 33 66 33 66 33 33 66 66 66 66 66 33 33 66 33 66 
66 33 66 66 66 66 66 33 33 66 33 66 33 66 33 33 66 66 33 33 66 66 33 33 33 66 66 33 66 33 33 66 33 33 33 33 66 66 66 66 33 33 66 33 66 66 33 33 66 33 66 66 33 66 66 66 66 66 66 33 33 66 66 66 
66 66 66 33 66 66 66 66 66 33 33 66 33 66 33 33 66 66 66 66 33 66 66 33 33 66 66 66 33 66 33 66 66 66 33 66 33 66 66 33 33 33 33 66 33 66 33 66 66 66 66 33 66 66 33 33 33 33 33 66 66 33 66 33 
33 66 33 33 33 33 33 66 66 33 66 33 66 33 66 66 33 33 66 66 66 33 66 66 66 33 33 66 66 66 66 33 66 66 66 66 66 33 33 33 66 66 66 66 66 33 66 66 33 66 33 33 33 33 33 33 66 33 66 66 66 66 33 66 
66 33 66 66 66 33 33 33 33 66 66 66 66 33 66 66 66 33 33 33 66 33 33 66 33 33 66 33 66 33 33 33 33 33 66 33 66 66 66 66 66 66 66 33 66 66 66 33 33 33 66 66 33 33 66 66 66 66 66 33 33 66 66 66 
66 66 66 66 66 66 66 66 66 66 33 66 33 66 33 33 66 66 33 66 33 66 66 33 33 66 66 33 33 33 33 66 66 33 33 66 33 66 66 66 33 33 33 66 33 66 33 33 66 33 66 66 66 66 66 66 33 66 33 66 66 33 66 33 
33 66 33 33 33 66 66 66 66 33 66 33 66 66 66 66 33 66 66 66 33 66 66 66 66 66 33 66 33 66 66 66 66 66 66 66 33 33 33 33 66 66 33 66 33 33 66 66 66 66 33 33 66 66 33 33 33 33 33 66 66 33 33 33 
33 33 66 66 66 33 33 33 33 66 66 66 66 33 66 66 33 33 66 33 66 33 33 66 66 33 66 66 66 33 66 33 33 33 66 33 66 33 33 66 66 66 66 33 66 33 66 66 33 66 33 66 33 33 66 66 66 66 66 33 33 66 66 66 
66 33 66 66 66 66 66 33 33 66 33 66 33 66 33 33 66 66 33 33 66 66 33 33 33 66 66 33 66 33 33 66 33 33 33 33 66 66 66 66 33 33 66 33 66 66 33 33 66 33 66 66 66 66 66 66 66 66 66 33 33 66 66 66 
66 66 33 33 33 66 66 66 66 33 66 33 33 66 33 66 66 66 66 66 33 66 66 33 66 66 33 66 33 66 66 66 66 66 33 66 33 66 66 33 33 66 33 66 33 66 33 66 66 66 66 33 66 66 33 33 33 33 33 66 66 33 33 33 
33 66 33 33 33 33 33 66 66 33 66 33 66 33 66 66 33 33 66 66 66 33 66 66 66 33 33 66 66 66 66 33 66 66 66 33 66 33 33 66 66 66 66 66 66 33 66 66 33 66 33 33 33 33 66 33 66 33 66 33 66 66 33 66 
66 33 66 66 66 33 33 33 33 66 33 66 66 66 66 33 66 66 33 33 66 33 33 66 33 66 66 33 66 33 33 33 33 33 66 33 66 66 66 66 66 33 66 33 66 66 66 33 33 33 66 66 33 33 66 66 66 66 66 33 33 66 66 66 
66 66 66 66 66 66 66 66 66 66 33 66 33 66 33 33 66 66 33 66 33 66 66 33 33 66 66 33 33 66 33 66 66 66 33 66 33 66 66 33 33 33 33 66 33 66 33 33 66 33 66 66 66 66 33 66 33 66 33 66 66 33 66 33 
33 66 33 33 33 33 33 66 66 33 66 33 66 33 66 66 33 33 66 66 66 66 66 66 66 33 33 66 33 66 66 66 66 66 66 66 66 33 33 33 66 66 66 66 33 33 66 66 66 66 33 33 66 66 33 33 33 33 66 66 66 66 33 33 
33 33 66 66 66 33 33 33 33 66 66 66 66 33 66 66 33 33 66 33 66 33 33 66 66 33 66 66 66 33 66 33 33 33 66 33 66 33 33 66 66 66 66 33 66 33 66 66 33 66 33 66 33 33 66 66 66 66 66 33 33 66 66 66 
66 33 66 66 66 66 66 33 33 66 33 66 33 66 33 33 66 66 33 66 33 66 33 33 33 66 66 33 66 33 33 66 33 33 33 66 33 66 66 66 33 33 33 66 66 66 33 33 66 33 66 66 66 66 66 66 66 66 33 66 66 33 66 66 
66 66 33 33 33 66 66 66 66 33 66 33 33 66 66 66 66 66 66 66 33 66 66 33 66 66 33 66 33 66 66 66 66 66 33 66 33 66 33 33 66 66 33 66 33 33 33 66 66 66 66 33 66 66 33 33 33 33 33 66 66 33 33 33 
33 66 33 33 33 33 33 66 66 66 66 33 66 33 66 66 33 33 66 33 66 33 66 66 66 33 33 66 66 66 66 33 66 66 66 33 66 33 33 66 66 66 66 33 66 33 66 66 33 66 33 66 33 33 66 33 66 66 66 33 33 66 33 66 
66 33 66 66 66 66 66 33 33 66 33 66 66 66 33 33 66 66 33 33 66 33 33 66 33 66 66 33 66 33 33 33 33 33 66 33 66 66 66 66 33 33 66 33 66 66 66 33 33 33 66 66 33 33 66 66 66 66 66 33 33 66 66 66 
66 66 66 33 66 66 66 66 66 33 33 66 33 66 33 33 66 66 66 66 33 66 66 33 33 66 66 66 33 66 33 66 66 66 33 66 33 66 66 33 33 33 33 66 33 66 33 66 66 66 66 33 66 66 33 33 33 33 33 66 66 33 66 33 
33 66 33 33 33 33 33 66 66 33 66 33 66 33 66 66 33 33 66 66 66 66 66 66 66 33 33 66 33 66 66 66 66 66 66 66 66 33 33 33 66 66 66 66 33 33 66 66 66 66 33 33 66 66 33 33 33 33 66 66 66 66 33 33 
66 33 66 66 66 33 33 33 33 66 66 66 66 33 66 66 33 33 33 33 66 33 33 66 66 33 66 33 66 33 66 33 33 33 66 33 66 66 66 66 66 66 66 33 66 66 66 33 33 33 33 66 33 33 66 66 66 66 66 33 33 66 66 66 
66 66 66 66 66 66 66 33 33 66 33 66 33 66 33 33 66 66 33 66 33 66 33 33 33 66 66 33 33 33 33 66 66 33 33 66 33 66 66 66 33 33 33 66 66 66 33 33 66 33 66 66 66 66 66 66 66 66 33 66 66 33 66 33 
33 66 33 33 33 66 66 66 66 33 66 33 66 66 66 66 33 66 66 66 33 66 66 66 66 66 33 66 33 66 66 66 66 66 66 66 33 33 33 33 66 66 33 66 33 33 66 66 66 66 33 33 66 66 33 33 33 33 33 66 66 33 33 33 
33 33 33 66 33 33 33 66 66 66 66 33 66 33 66 66 33 33 66 33 66 33 66 66 66 33 33 66 66 66 66 33 33 66 66 33 66 33 33 66 66 66 66 33 66 33 66 66 33 66 33 66 33 33 66 66 66 66 66 33 33 66 33 66 
66 33 66 66 66 66 66 33 33 66 33 66 33 66 33 33 66 66 33 33 66 66 33 33 33 66 66 33 66 33 33 66 33 33 33 33 66 66 66 66 33 33 66 33 66 66 33 33 66 33 66 66 66 66 66 66 66 66 66 33 33 66 66 66 
66 66 66 33 33 66 66 66 66 33 33 33 33 66 33 33 66 66 66 66 33 66 66 33 66 66 66 66 33 66 66 66 66 66 33 66 33 66 66 33 33 33 33 66 33 66 33 66 66 66 66 33 66 66 33 33 33 33 33 66 66 33 66 33 
33 66 33 33 33 33 33 66 66 33 66 33 66 33 66 66 33 33 66 66 66 33 66 66 66 33 33 66 66 66 66 33 66 66 66 66 66 33 33 33 66 66 66 66 66 33 66 66 33 66 33 33 33 33 33 33 66 33 66 66 66 66 33 66 
66 33 66 66 66 33 33 33 33 66 66 66 66 33 66 66 66 33 33 33 66 33 33 66 33 33 66 33 66 33 33 33 33 33 66 33 66 66 66 66 66 66 66 33 66 66 66 33 33 33 66 66 33 33 66 66 66 66 66 33 33 66 66 66 
66 66 66 66 66 66 66 66 66 66 33 66 33 66 33 33 66 66 33 66 33 66 66 33 33 66 66 33 33 66 33 66 66 66 33 66 33 66 66 33 33 33 33 66 33 66 33 33 66 33 66 66 66 66 33 66 33 66 33 66 66 33 66 33 
33 66 33 33 33 66 66 66 66 33 66 33 66 66 66 66 33 66 66 66 33 66 66 66 66 66 33 66 33 66 66 66 66 66 66 66 33 33 33 33 66 66 33 66 33 33 66 66 66 66 33 33 66 66 33 33 33 33 33 66 66 33 33 33 
33 33 66 66 66 33 33 33 33 66 66 66 66 33 66 66 33 33 66 33 66 33 33 66 66 33 66 66 66 33 66 33 33 33 66 33 66 33 33 66 66 66 66 33 66 33 66 66 33 66 33 66 33 33 66 66 66 66 66 33 33 66 66 66 
66 33 66 66 66 66 66 33 33 66 33 66 33 66 33 33 66 66 33 33 33 66 33 33 33 66 66 33 66 33 33 66 33 33 33 66 66 66 66 66 33 33 66 33 66 66 33 33 66 33 66 66 66 66 66 66 66 66 66 66 33 33 66 66 
66 66 33 33 33 66 66 66 66 33 66 33 33 66 33 66 66 66 66 66 33 66 66 33 66 66 33 66 33 66 66 66 66 66 33 66 33 66 66 33 33 66 33 66 33 66 33 66 66 66 66 33 66 66 33 33 33 33 33 66 66 33 33 33 
33 66 33 33 33 33 33 66 66 33 66 33 66 33 66 66 33 33 66 66 66 33 66 66 66 33 33 66 66 66 66 33 66 66 66 33 66 33 33 66 66 66 66 66 66 33 66 66 33 66 33 33 33 33 66 33 66 33 66 33 66 66 33 66 
66 33 66 66 66 66 66 33 33 66 33 66 66 66 33 33 66 66 33 33 66 33 33 66 33 66 66 33 66 33 33 33 33 33 66 33 66 66 66 66 33 33 66 33 66 66 66 33 33 33 66 66 33 33 66 66 66 66 66 33 33 66 66 66 
66 66 66 66 66 66 66 66 66 66 33 66 33 66 33 33 66 66 33 66 33 66 66 33 33 66 66 33 33 66 33 66 66 66 33 66 33 66 66 33 33 33 33 66 33 66 33 33 66 33 66 66 66 66 33 66 33 66 33 66 66 33 66 33 
33 66 33 33 33 33 33 66 66 33 66 33 66 33 66 66 33 33 66 66 66 66 66 66 66 33 33 66 33 66 66 66 66 66 66 66 66 33 33 33 66 66 66 66 33 33 66 66 66 66 33 33 66 66 33 33 33 33 66 66 66 66 33 33 
33 33 66 66 66 33 33 33 33 66 66 66 66 33 66 66 33 33 33 33 66 33 33 66 66 33 66 66 66 33 66 33 33 33 66 33 66 33 66 66 66 66 66 33 66 66 66 66 33 33 33 66 33 33 66 66 66 66 66 33 33 66 66 66 
66 33 66 66 66 66 66 33 33 66 33 66 33 66 33 33 66 66 33 66 33 66 33 33 33 66 66 33 66 33 33 66 33 33 33 66 33 66 66 66 33 33 33 66 66 66 33 33 66 33 66 66 66 66 66 66 66 66 33 66 66 33 66 66 
66 66 33 33 33 66 66 66 66 33 66 33 33 66 66 66 66 66 66 66 33 66 66 33 66 66 33 66 33 66 66 66 66 66 33 66 33 66 33 33 66 66 33 66 33 33 33 66 66 66 66 33 66 66 33 33 33 33 33 66 66 33 33 33 
33 33 33 66 33 33 33 66 66 66 66 33 66 33 66 66 33 33 66 33 66 33 66 66 66 33 33 66 66 66 66 33 33 66 66 33 66 33 33 66 66 66 66 33 66 33 66 66 33 66 33 66 33 33 66 66 66 66 66 33 33 66 33 66 
66 33 66 66 66 66 66 33 33 66 33 66 66 66 33 33 66 66 33 33 66 33 33 66 33 66 66 33 66 33 33 33 33 33 66 33 66 66 66 66 33 33 66 33 66 66 66 33 33 33 66 66 33 33 66 66 66 66 66 33 33 66 66 66 
66 66 66 33 66 66 66 66 66 33 33 66 33 66 33 33 66 66 66 66 33 66 66 33 33 66 66 66 33 66 33 66 66 66 33 66 33 66 66 33 33 33 33 66 33 66 33 66 66 66 66 33 66 66 33 33 33 33 33 66 66 33 66 33 
33 66 33 33 33 33 33 66 66 33 66 33 66 33 66 66 33 33 66 66 66 66 66 66 66 33 33 66 66 66 66 33 66 66 66 66 66 33 33 33 66 66 66 66 33 33 66 66 66 66 33 33 33 66 33 33 33 33 66 66 66 66 33 66 
66 33 66 66 66 33 33 33 33 66 66 66 66 33 66 66 66 33 33 33 66 33 33 66 33 33 66 33 66 33 33 33 33 33 66 33 66 66 66 66 66 66 66 33 66 66 66 33 33 33 66 66 33 33 66 66 66 66 66 33 33 66 66 66 
66 66 66 66 66 66 66 33 33 66 33 66 33 66 33 33 66 66 33 66 33 66 33 33 33 66 66 33 33 33 33 66 66 33 33 66 33 66 66 66 33 33 33 66 66 66 33 33 66 33 66 66 66 66 66 66 66 66 33 66 66 33 66 33 
33 66 33 33 33 66 66 66 66 33 66 33 66 66 66 66 33 66 66 66 33 66 66 66 66 66 33 66 33 66 66 66 66 66 66 66 33 33 33 33 66 66 33 66 33 33 66 66 66 66 33 33 66 66 33 33 33 33 33 66 66 33 33 33 
33 33 33 66 66 33 33 66 33 66 66 66 66 33 66 66 33 33 66 33 66 33 66 66 66 33 33 66 66 66 66 33 33 33 66 33 66 33 33 66 66 66 66 33 66 33 66 66 33 66 33 66 33 33 66 66 66 66 66 33 33 66 33 66 
66 33 66 66 66 66 66 33 33 66 33 66 33 66 33 33 66 66 33 33 66 66 33 33 33 66 66 33 66 33 33 66 33 33 33 33 66 66 66 66 33 33 66 33 66 66 33 33 66 33 66 66 66 66 66 66 66 66 66 33 33 66 66 66 
66 66 66 33 33 66 66 66 66 33 33 33 33 66 33 33 66 66 66 66 33 66 66 33 66 66 66 66 33 66 66 66 66 66 33 66 33 66 66 33 33 33 33 66 33 66 33 66 66 66 66 33 66 66 33 33 33 33 33 66 66 33 66 33 
33 66 33 33 33 33 33 66 66 33 66 33 66 33 66 66 33 33 66 66 66 33 66 66 66 33 33 66 66 66 66 33 66 66 66 33 66 33 33 66 66 66 66 66 66 33 66 66 33 66 33 33 33 33 66 33 66 33 66 33 66 66 33 66 
66 33 66 66 66 33 33 33 33 66 66 66 66 33 66 66 66 33 33 33 66 33 33 66 33 33 66 33 66 33 33 33 33 33 66 33 66 66 66 66 66 66 66 33 66 66 66 33 33 33 66 66 33 33 66 66 66 66 66 33 33 66 66 66 
66 66 66 66 66 66 66 66 66 66 33 66 33 66 33 33 66 66 33 66 33 66 66 33 33 66 66 33 33 66 33 66 66 66 33 66 33 66 66 33 33 33 33 66 33 66 33 33 66 33 66 66 66 66 33 66 33 66 33 66 66 33 66 33 
33 66 33 33 33 66 33 66 66 33 66 33 66 66 66 66 33 33 66 66 66 66 66 66 66 66 33 66 33 66 66 66 66 66 66 66 33 33 33 33 66 66 33 66 33 33 66 66 66 66 33 33 66 66 33 33 33 33 33 66 66 66 33 33 
33 33 66 66 66 33 33 33 33 66 66 66 66 33 66 66 33 33 66 33 66 33 33 66 66 33 66 66 66 33 66 33 33 33 66 33 66 33 33 66 66 66 66 33 66 33 66 66 33 66 33 66 33 33 66 66 66 66 66 33 33 66 66 66 
66 33 66 66 66 66 66 33 33 66 33 66 33 66 33 33 66 66 33 33 33 66 33 33 33 66 66 33 66 33 33 66 33 33 33 66 66 66 66 66 33 33 66 33 66 66 33 33 66 33 66 66 66 66 66 66 66 66 66 66 33 33 66 66 
66 66 33 33 33 66 66 66 66 33 66 33 33 66 66 66 66 66 66 66 33 66 66 33 66 66 33 66 33 66 66 66 66 66 33 66 33 66 33 33 66 66 33 66 33 33 33 66 66 66 66 33 66 66 33 33 33 33 33 66 66 33 33 33 
33 66 33 33 33 33 33 66 66 33 66 33 66 33 66 66 33 33 66 66 66 33 66 66 66 33 33 66 66 66 66 33 66 66 66 33 66 33 33 66 66 66 66 66 66 33 66 66 33 66 33 33 33 33 66 33 66 33 66 33 66 66 33 66 
66 33 66 66 66 66 66 33 33 66 33 66 66 66 33 33 66 66 33 33 66 33 33 66 33 66 66 33 66 33 33 33 33 33 66 33 66 66 66 66 33 33 66 33 66 66 66 33 33 33 66 66 33 33 66 66 66 66 66 33 33 66 66 66 
66 66 66 33 66 66 66 66 66 66 33 66 33 66 33 33 66 66 66 66 33 66 66 33 33 66 66 33 33 66 33 66 66 66 33 66 33 66 66 33 33 33 33 66 33 66 33 33 66 66 66 33 66 66 33 66 33 66 33 66 66 33 66 33 
33 66 33 33 33 33 33 66 66 33 66 33 66 33 66 66 33 33 66 66 66 66 66 66 66 33 33 66 33 66 66 66 66 66 66 66 66 33 33 33 66 66 66 66 33 33 66 66 66 66 33 33 66 66 33 33 33 33 66 66 66 66 33 33 
33 33 66 66 66 33 33 33 33 66 66 66 66 33 66 66 33 33 33 33 66 33 33 66 66 33 66 66 66 33 66 33 33 33 66 33 66 33 66 66 66 66 66 33 66 66 66 66 33 33 33 66 33 33 66 66 66 66 66 33 33 66 66 66 
66 66 66 66 66 66 66 33 33 66 33 66 33 66 33 33 66 66 33 66 33 66 33 33 33 66 66 33 33 33 33 66 66 33 33 66 33 66 66 66 33 33 33 66 66 66 33 33 66 33 66 66 66 66 66 66 66 66 33 66 66 33 66 33 
66 66 33 33 33 66 66 66 66 33 66 33 33 66 66 66 33 66 66 66 33 66 66 33 66 66 33 66 33 66 66 66 66 66 33 66 33 66 33 33 66 66 33 66 33 33 33 66 66 66 66 33 66 66 33 33 33 33 33 66 66 33 33 33 
33 33 33 66 33 33 33 66 66 66 66 33 66 33 66 66 33 33 66 33 66 33 66 66 66 33 33 66 66 66 66 33 33 66 66 33 66 33 33 66 66 66 66 33 66 33 66 66 33 66 33 66 33 33 66 66 66 66 66 33 33 66 33 66 
66 33 66 66 66 66 66 33 33 66 33 66 33 66 33 33 66 66 33 33 66 33 33 66 33 66 66 33 66 33 33 66 33 33 66 33 66 66 66 66 33 33 66 33 66 66 66 33 33 33 66 66 66 33 66 66 66 66 66 33 33 66 66 66 
66 66 66 33 33 66 66 66 66 33 33 33 33 66 33 33 66 66 66 66 33 66 66 33 66 66 66 66 33 66 66 66 66 66 33 66 33 66 66 33 33 33 33 66 33 66 33 66 66 66 66 33 66 66 33 33 33 33 33 66 66 33 66 33 
33 66 33 33 33 33 33 66 66 33 66 33 66 33 66 66 33 33 66 66 66 66 66 66 66 33 33 66 66 66 66 33 66 66 66 66 66 33 33 33 66 66 66 66 33 33 66 66 66 66 33 33 33 66 33 33 33 33 66 66 66 66 33 66 
66 33 66 66 66 33 33 33 33 66 66 66 66 33 66 66 66 33 33 33 66 33 33 66 33 33 66 33 66 33 33 33 33 33 66 33 66 66 66 66 66 66 66 33 66 66 66 33 33 33 66 66 33 33 66 66 66 66 66 33 33 66 66 66 
66 66 66 66 66 66 66 33 66 66 33 66 33 66 33 33 66 66 33 66 33 66 33 33 33 66 66 33 33 33 33 66 66 66 33 66 33 66 66 33 33 33 33 66 66 66 33 33 66 33 66 66 66 66 66 66 33 66 33 66 66 33 66 33 
33 66 33 33 33 66 66 66 66 33 66 33 66 66 66 66 33 66 66 66 33 66 66 66 66 66 33 66 33 66 66 66 66 66 66 66 33 33 33 33 66 66 33 66 33 33 66 66 66 66 33 33 66 66 33 33 33 33 33 66 66 33 33 33 
33 33 33 66 66 33 33 66 33 66 66 66 66 33 66 66 33 33 66 33 66 33 66 66 66 33 33 66 66 66 66 33 33 33 66 33 66 33 33 66 66 66 66 33 66 33 66 66 33 66 33 66 33 33 66 66 66 66 66 33 33 66 33 66 
66 33 66 66 66 66 66 33 33 66 33 66 33 66 33 33 66 66 33 33 33 66 33 33 33 66 66 33 66 33 33 66 33 33 33 66 66 66 66 66 33 33 66 33 66 66 33 33 66 33 66 66 66 66 66 66 66 66 66 66 33 33 66 66 
66 66 66 33 33 66 66 66 66 33 33 33 33 66 33 33 66 66 66 66 33 66 66 33 66 66 66 66 33 66 66 66 66 66 33 66 33 66 66 33 33 33 33 66 33 66 33 66 66 66 66 33 66 66 33 33 33 33 33 66 66 33 66 33 
33 66 33 33 33 33 33 66 66 33 66 33 66 33 66 66 33 33 66 66 66 33 66 66 66 33 33 66 66 66 66 33 66 66 66 33 66 33 33 66 66 66 66 66 66 33 66 66 33 66 33 33 33 33 66 33 66 33 66 33 66 66 33 66 
66 33 66 66 66 33 66 33 33 66 66 66 66 33 33 66 66 66 33 33 66 33 33 66 33 33 66 33 66 33 33 33 33 33 66 33 66 66 66 66 66 33 66 33 66 66 66 33 33 33 66 66 33 33 66 66 66 66 66 33 33 66 66 66 
66 66 66 66 66 66 66 66 66 66 33 66 33 66 33 33 66 66 33 66 33 66 66 33 33 66 66 33 33 66 33 66 66 66 33 66 33 66 66 33 33 33 33 66 33 66 33 33 66 33 66 66 66 66 33 66 33 66 33 66 66 33 66 33 
33 66 33 33 33 66 33 66 66 33 66 33 66 66 66 66 33 33 66 66 66 66 66 66 66 66 33 66 33 66 66 66 66 66 66 66 33 33 33 33 66 66 33 66 33 33 66 66 66 66 33 33 66 66 33 33 33 33 33 66 66 66 33 33 
33 33 66 66 66 33 33 33 33 66 66 66 66 33 66 66 33 33 33 33 66 33 33 66 66 33 66 66 66 33 66 33 33 33 66 33 66 33 66 66 66 66 66 33 66 66 66 66 33 33 33 66 33 33 66 66 66 66 66 33 33 66 66 66 
66 33 66 66 66 66 66 33 33 66 33 66 33 66 33 33 66 66 33 33 33 66 33 33 33 66 66 33 66 33 33 66 33 33 33 66 66 66 66 66 33 33 66 33 66 66 33 33 66 33 66 66 66 66 66 66 66 66 66 66 33 33 66 66 
66 66 33 33 33 66 66 66 66 33 66 33 33 66 66 66 66 66 66 66 33 66 66 33 66 66 33 66 33 66 66 66 66 66 33 66 33 66 33 33 66 66 33 66 33 33 33 66 66 66 66 33 66 66 33 33 33 33 33 66 66 33 33 33 
33 66 33 66 33 33 33 66 66 33 66 33 66 33 66 66 33 33 66 66 66 33 66 66 66 33 33 66 66 66 66 33 33 66 66 33 66 33 33 66 66 66 66 66 66 33 66 66 33 66 33 66 33 33 66 33 66 33 66 33 33 66 33 66 
66 33 66 66 66 66 66 33 33 66 33 66 66 66 33 33 66 66 33 33 66 33 33 66 33 66 66 33 66 33 33 33 33 33 66 33 66 66 66 66 33 33 66 33 66 66 66 33 33 33 66 66 33 33 66 66 66 66 66 33 33 66 66 66 
66 66 66 33 66 66 66 66 66 66 33 66 33 66 33 33 66 66 66 66 33 66 66 33 33 66 66 33 33 66 33 66 66 66 33 66 33 66 66 33 33 33 33 66 33 66 33 33 66 66 66 33 66 66 33 66 33 66 33 66 66 33 66 33 
33 66 33 33 33 33 33 66 66 33 66 33 66 33 66 66 33 33 66 66 66 66 66 66 66 33 33 66 66 66 66 33 66 66 66 66 66 33 33 33 66 66 66 66 33 33 66 66 66 66 33 33 33 66 33 33 33 33 66 66 66 66 33 66 
33 33 66 66 66 33 33 33 33 66 66 66 66 33 66 66 66 33 33 33 66 33 33 66 33 33 66 66 66 33 66 33 33 33 66 33 66 33 66 66 66 66 66 33 66 66 66 66 33 33 33 66 33 33 66 66 66 66 66 33 33 66 66 66 
66 66 66 66 66 66 66 33 33 66 33 66 33 66 33 33 66 66 33 66 33 66 33 33 33 66 66 33 33 33 33 66 66 33 33 66 33 66 66 66 33 33 33 66 66 66 33 33 66 33 66 66 66 66 66 66 66 66 33 66 66 33 66 33 
66 66 33 33 33 66 66 66 66 33 66 33 66 66 66 66 33 66 66 66 33 66 66 33 66 66 33 66 33 66 66 66 66 66 33 66 33 66 33 33 66 66 33 66 33 33 33 66 66 66 66 33 66 66 33 33 33 33 33 66 66 33 33 33 
33 33 33 66 66 33 33 66 33 66 66 66 66 33 66 66 33 33 66 33 66 33 66 66 66 33 33 66 66 66 66 33 33 33 66 33 66 33 33 66 66 66 66 33 66 33 66 66 33 66 33 66 33 33 66 66 66 66 66 33 33 66 33 66 
66 33 66 66 66 66 66 33 33 66 33 66 33 66 33 33 66 66 33 33 66 33 33 66 33 66 66 33 66 33 33 66 33 33 66 33 66 66 66 66 33 33 66 33 66 66 66 33 33 33 66 66 66 33 66 66 66 66 66 33 33 66 66 66 
66 66 66 33 33 66 66 66 66 33 33 33 33 66 33 33 66 66 66 66 33 66 66 33 66 66 66 66 33 66 66 66 66 66 33 66 33 66 66 33 33 33 33 66 33 66 33 66 66 66 66 33 66 66 33 33 33 33 33 66 66 33 66 33 
33 66 33 33 33 33 33 66 66 33 66 33 66 33 66 66 33 33 66 66 66 66 66 66 66 33 33 66 66 66 66 33 66 66 66 33 66 33 33 66 66 66 66 66 33 33 66 66 33 66 33 33 33 66 33 33 66 33 66 66 66 66 33 66 
66 33 66 66 66 33 33 33 33 66 66 66 66 33 66 66 66 33 33 33 66 33 33 66 33 33 66 33 66 33 33 33 33 33 66 33 66 66 66 66 66 66 66 33 66 66 66 33 33 33 66 66 33 33 66 66 66 66 66 33 33 66 66 66 
66 66 66 66 66 66 66 33 66 66 33 66 33 66 33 33 66 66 33 66 33 66 33 33 33 66 66 33 33 33 33 66 66 66 33 66 33 66 66 33 33 33 33 66 66 66 33 33 66 33 66 66 66 66 66 66 33 66 33 66 66 33 66 33 
33 66 33 33 33 66 33 66 66 33 66 33 66 66 66 66 33 33 66 66 66 66 66 66 66 66 33 66 33 66 66 66 66 66 66 66 33 33 33 33 66 66 33 66 33 33 66 66 66 66 33 33 66 66 33 33 33 33 33 66 66 66 33 33 
33 33 33 66 66 33 33 66 33 66 66 66 66 33 66 66 33 33 66 33 66 33 66 66 66 33 33 66 66 66 66 33 33 33 66 33 66 33 33 66 66 66 66 33 66 33 66 66 33 66 33 66 33 33 66 66 66 66 66 33 33 66 33 66 
66 33 66 66 66 66 66 33 33 66 33 66 33 66 33 33 66 66 33 33 33 66 33 33 33 66 66 33 66 33 33 66 33 33 33 66 66 66 66 66 33 33 66 33 66 66 33 33 66 33 66 66 66 66 66 66 66 66 66 66 33 33 66 66 
66 66 66 33 33 66 66 66 66 33 33 33 33 66 66 33 66 66 66 66 33 66 66 33 66 66 33 66 33 66 66 66 66 66 33 66 33 66 66 33 33 66 33 66 33 33 33 66 66 66 66 33 66 66 33 33 33 33 33 66 66 33 66 33 
33 66 33 33 33 33 33 66 66 33 66 33 66 33 66 66 33 33 66 66 66 33 66 66 66 33 33 66 66 66 66 33 66 66 66 33 66 33 33 66 66 66 66 66 66 33 66 66 33 66 33 33 33 33 66 33 66 33 66 33 66 66 33 66 
66 33 66 66 66 33 66 33 33 66 66 66 66 33 33 66 66 66 33 33 66 33 33 66 33 33 66 33 66 33 33 33 33 33 66 33 66 66 66 66 66 33 66 33 66 66 66 33 33 33 66 66 33 33 66 66 66 66 66 33 33 66 66 66 
66 66 66 33 66 66 66 66 66 66 33 66 33 66 33 33 66 66 66 66 33 66 66 33 33 66 66 33 33 66 33 66 66 66 33 66 33 66 66 33 33 33 33 66 33 66 33 33 66 66 66 33 66 66 33 66 33 66 33 66 66 33 66 33 
33 66 33 33 33 66 33 66 66 33 66 33 66 66 66 66 33 33 66 66 66 66 66 66 66 66 33 66 33 66 66 66 66 66 66 66 33 33 33 33 66 66 33 66 33 33 66 66 66 66 33 33 66 66 33 33 33 33 33 66 66 66 33 33 
33 33 66 66 66 33 33 33 33 66 66 66 66 33 66 66 33 33 33 33 66 33 33 66 66 33 66 66 66 33 66 33 33 33 66 33 66 33 66 66 66 66 66 33 66 66 66 66 33 33 33 66 33 33 66 66 66 66 66 33 33 66 66 66 
66 33 66 66 66 66 66 33 33 66 33 66 33 66 33 33 66 66 33 33 33 66 33 33 33 66 66 33 33 33 33 66 66 33 33 66 33 66 66 66 33 33 66 33 66 66 33 33 66 33 66 66 66 66 66 66 66 66 66 66 66 33 66 66 
66 66 33 33 33 66 66 66 66 33 66 33 33 66 66 66 33 66 66 66 33 66 66 33 66 66 33 66 33 66 66 66 66 66 33 66 33 66 33 33 66 66 33 66 33 33 33 66 66 66 66 33 66 66 33 33 33 33 33 66 66 33 33 33 
33 66 33 66 33 33 33 66 66 33 66 33 66 33 66 66 33 33 66 66 66 33 66 66 66 33 33 66 66 66 66 33 33 66 66 33 66 33 33 66 66 66 66 66 66 33 66 66 33 66 33 66 33 33 66 33 66 33 66 33 33 66 33 66 
66 33 66 66 66 66 66 33 33 66 33 66 33 66 33 33 66 66 33 33 66 33 33 66 33 66 66 33 66 33 33 66 33 33 66 33 66 66 66 66 33 33 66 33 66 66 66 33 33 33 66 66 66 33 66 66 66 66 66 33 33 66 66 66 
66 66 66 33 66 66 66 66 66 66 33 33 33 66 33 33 66 66 66 66 33 66 66 33 66 66 66 33 33 66 33 66 66 66 33 66 33 66 66 33 33 33 33 66 33 66 33 33 66 66 66 33 66 66 33 66 33 33 33 66 66 33 66 33 
33 66 33 33 33 33 33 66 66 33 66 33 66 33 66 66 33 33 66 66 66 66 66 66 66 33 33 66 66 66 66 33 66 66 66 66 66 33 33 33 66 66 66 66 33 33 66 66 66 66 33 33 33 66 33 33 33 33 66 66 66 66 33 66 
33 33 66 66 66 33 33 33 33 66 66 66 66 33 66 66 66 33 33 33 66 33 33 66 33 33 66 66 66 33 66 33 33 33 66 33 66 33 66 66 66 66 66 33 66 66 66 66 33 33 33 66 33 33 66 66 66 66 66 33 33 66 66 66 
66 66 66 66 66 66 66 33 66 66 33 66 33 66 33 33 66 66 33 66 33 66 33 33 33 66 66 33 33 33 33 66 66 66 33 66 33 66 66 33 33 33 33 66 66 66 33 33 66 33 66 66 66 66 66 66 33 66 33 66 66 33 66 33 
66 66 33 33 33 66 66 66 66 33 66 33 66 66 66 66 33 66 66 66 33 66 66 33 66 66 33 66 33 66 66 66 66 66 33 66 33 66 33 33 66 66 33 66 33 33 33 66 66 66 66 33 66 66 33 33 33 33 33 66 66 33 33 33 
33 33 33 66 66 33 33 66 33 66 66 66 66 33 66 66 33 33 66 33 66 33 66 66 66 33 33 66 66 66 66 33 33 33 66 33 66 33 33 66 66 66 66 33 66 33 66 66 33 66 33 66 33 33 66 66 66 66 66 33 33 66 33 66 
66 33 66 66 66 66 66 33 33 66 33 66 33 66 33 33 66 66 33 33 66 33 33 66 33 66 66 33 66 33 33 66 33 33 33 66 66 66 66 66 33 33 66 33 66 66 66 33 66 33 66 66 66 33 66 66 66 66 66 33 33 33 66 66 
66 66 66 33 33 66 66 66 66 33 33 33 33 66 33 33 66 66 66 66 33 66 66 33 66 66 66 66 33 66 66 66 66 66 33 66 33 66 66 33 33 33 33 66 33 66 33 66 66 66 66 33 66 66 33 33 33 33 33 66 66 33 66 33 
33 66 33 33 33 33 33 66 66 33 66 33 66 33 66 66 33 33 66 66 66 66 66 66 66 33 33 66 66 66 66 33 66 66 66 33 66 33 33 66 66 66 66 66 33 33 66 66 33 66 33 33 33 66 33 33 66 33 66 66 66 66 33 66 
66 33 66 66 66 33 66 33 33 66 66 66 66 33 33 66 66 66 33 33 66 33 33 66 33 33 66 33 66 33 33 33 33 33 66 33 66 66 66 66 66 33 66 33 66 66 66 33 33 33 66 66 33 33 66 66 66 66 66 33 33 66 66 66 
66 66 66 66 66 66 66 33 66 66 33 66 33 66 33 33 66 66 33 66 33 66 33 33 33 66 66 33 33 33 33 66 66 66 33 66 33 66 66 33 33 33 33 66 66 66 33 33 66 33 66 66 66 66 66 66 33 66 33 66 66 33 66 33 
33 66 33 33 33 66 33 66 66 33 66 33 66 66 66 66 33 33 66 66 66 66 66 66 66 66 33 66 33 66 66 66 66 66 66 66 33 33 33 33 66 66 33 66 33 33 66 66 66 66 33 33 66 66 33 33 33 33 33 66 66 66 33 33 
33 33 33 66 66 33 33 33 33 66 66 66 66 33 66 66 33 33 66 33 66 33 66 66 66 33 66 66 66 66 66 33 33 33 66 33 66 33 33 66 66 66 66 33 66 66 66 66 33 33 33 66 33 33 66 66 66 66 66 33 33 66 33 66 
66 33 66 66 66 66 66 33 33 66 33 66 33 66 33 33 66 66 33 33 33 66 33 33 33 66 66 33 66 33 33 66 33 33 33 66 66 66 66 66 33 33 66 33 66 66 33 33 66 33 66 66 66 66 66 66 66 66 66 66 33 33 66 66 
66 66 66 33 33 66 66 66 66 33 33 33 33 66 66 33 66 66 66 66 33 66 66 33 66 66 33 66 33 66 66 66 66 66 33 66 33 66 66 33 33 66 33 66 33 33 33 66 66 66 66 33 66 66 33 33 33 33 33 66 66 33 66 33 
33 66 33 66 33 33 33 66 66 33 66 33 66 33 66 66 33 33 66 66 66 33 66 66 66 33 33 66 66 66 66 33 33 66 66 33 66 33 33 66 66 66 66 66 66 33 66 66 33 66 33 66 33 33 66 33 66 33 66 33 33 66 33 66 
66 33 66 66 66 33 66 33 33 66 66 66 66 33 33 66 66 66 33 33 66 33 33 66 33 33 66 33 66 33 33 33 33 33 66 33 66 66 66 66 66 33 66 33 66 66 66 33 33 33 66 66 33 33 66 66 66 66 66 33 33 66 66 66 
66 66 66 33 66 66 66 66 66 66 33 66 33 66 33 33 66 66 66 66 33 66 66 33 33 66 66 33 33 66 33 66 66 66 33 66 33 66 66 33 33 33 33 66 33 66 33 33 66 66 66 33 66 66 33 66 33 66 33 66 66 33 66 33 
33 66 33 33 33 66 33 66 66 33 66 33 66 33 66 66 33 33 66 66 66 66 66 66 66 66 33 66 66 66 66 33 66 66 66 66 66 33 33 33 66 66 33 66 33 33 66 66 66 66 33 33 66 66 33 33 33 33 33 66 66 66 33 33 
33 33 66 66 66 33 33 33 33 66 66 66 66 33 66 66 66 33 33 33 66 33 33 66 33 33 66 66 66 33 66 33 33 33 66 33 66 33 66 66 66 66 66 33 66 66 66 66 33 33 33 66 33 33 66 66 66 66 66 33 33 66 66 66 
66 33 66 66 66 66 66 33 33 66 33 66 33 66 33 33 66 66 33 33 33 66 33 33 33 66 66 33 33 33 33 66 66 33 33 66 33 66 66 66 33 33 66 33 66 66 33 33 66 33 66 66 66 66 66 66 66 66 66 66 66 33 66 66 
66 66 33 33 33 66 66 66 66 33 66 33 66 66 66 66 33 66 66 66 33 66 66 33 66 66 33 66 33 66 66 66 66 66 33 66 33 66 33 33 66 66 33 66 33 33 33 66 66 66 66 33 66 66 33 33 33 33 33 66 66 33 33 33 
33 66 33 66 33 33 33 66 33 33 66 66 66 33 66 66 33 33 66 66 66 33 66 66 66 33 33 66 66 66 66 33 33 66 66 33 66 33 33 66 66 66 66 33 66 33 66 66 33 66 33 66 33 33 66 33 66 66 66 33 33 66 33 66 
66 33 66 66 66 66 66 33 33 66 33 66 33 66 33 33 66 66 33 33 66 33 33 66 33 66 66 33 66 33 33 66 33 33 66 33 66 66 66 66 33 33 66 33 66 66 66 33 33 33 66 66 66 33 66 66 66 66 66 33 33 66 66 66 
66 66 66 33 66 66 66 66 66 66 33 33 33 66 33 33 66 66 66 66 33 66 66 33 66 66 66 33 33 66 33 66 66 66 33 66 33 66 66 33 33 33 33 66 33 66 33 33 66 66 66 33 66 66 33 66 33 33 33 66 66 33 66 33 
33 66 33 33 33 33 33 66 66 33 66 33 66 33 66 66 33 33 66 66 66 66 66 66 66 33 33 66 66 66 66 33 66 66 66 33 66 33 33 66 66 66 66 66 33 33 66 66 33 66 33 33 33 66 33 33 66 33 66 66 66 66 33 66 
33 33 66 66 66 33 33 33 33 66 66 66 66 33 66 66 66 33 33 33 66 33 33 66 33 33 66 66 66 33 66 33 33 33 66 33 66 33 66 66 66 66 66 33 66 66 66 66 33 33 33 66 33 33 66 66 66 66 66 33 33 66 66 66 
66 66 66 66 66 66 66 33 66 66 33 66 33 66 33 33 66 66 33 66 33 66 33 33 33 66 66 33 33 33 33 66 66 66 33 66 33 66 66 33 33 33 33 66 66 66 33 33 66 33 66 66 66 66 66 66 33 66 33 66 66 33 66 33 
33 66 33 33 33 66 66 66 66 33 66 33 66 66 66 66 33 33 66 66 33 66 66 33 66 66 33 66 33 66 66 66 66 66 66 66 33 66 33 33 66 66 33 66 33 33 33 66 66 66 66 33 66 66 33 33 33 33 33 66 66 66 33 33 
33 33 33 66 66 33 33 66 33 66 66 66 66 33 66 66 33 33 66 33 66 33 66 66 66 33 33 66 66 66 66 33 33 33 66 33 66 33 33 66 66 66 66 33 66 33 66 66 33 66 33 66 33 33 66 66 66 66 66 33 33 66 33 66 
66 33 66 66 66 66 66 33 33 66 33 66 33 66 33 33 66 66 33 33 66 33 33 66 33 66 66 33 66 33 33 66 33 33 33 66 66 66 66 66 33 33 66 33 66 66 66 33 66 33 66 66 66 33 66 66 66 66 66 33 33 33 66 66 
66 66 66 33 33 66 66 66 66 33 33 33 33 66 66 33 66 66 66 66 33 66 66 33 66 66 33 66 33 66 66 66 66 66 33 66 33 66 66 33 33 66 33 66 33 33 33 66 66 66 66 33 66 66 33 33 33 33 33 66 66 33 66 33 
66 33 66 66 66 33 66 66 66 66 66 66 66 33 66 66 66 66 33 66 66 66 33 66 66 66 66 66 66 66 66 33 33 66 66 66 66 66 66 66 66 66 66 66 66 66 66 33 66 33 66 66 33 33 66 66 66 66 66 66 33 66 66 66 
66 66 66 66 66 66 66 66 66 66 33 66 33 66 33 33 66 66 33 66 33 66 66 33 33 66 66 33 33 66 33 66 66 66 33 66 33 66 66 33 33 33 33 66 33 66 33 33 66 33 66 66 66 66 33 66 33 66 33 66 66 33 66 33 
33 66 33 33 33 66 66 66 66 33 66 33 66 66 66 66 33 66 66 66 33 66 66 66 66 66 33 66 33 66 66 66 66 66 66 66 33 33 33 33 66 66 33 66 33 33 66 66 66 66 33 33 66 66 33 33 33 33 33 66 66 33 33 33 
33 33 66 66 66 33 33 33 33 66 66 66 66 33 66 66 33 33 66 33 66 33 33 66 66 33 66 66 66 33 66 33 33 33 66 33 66 33 33 66 66 66 66 33 66 33 66 66 33 66 33 66 33 33 66 66 66 66 66 33 33 66 66 66 
66 33 66 66 66 66 66 33 33 66 33 66 33 66 33 33 66 66 33 33 33 66 33 33 33 66 66 33 66 33 33 66 33 33 33 66 66 66 66 66 33 33 66 33 66 66 33 33 66 33 66 66 66 66 66 66 66 66 66 66 33 33 66 66 
66 66 66 33 33 66 66 66 66 33 66 33 66 66 33 66 66 66 66 66 33 66 66 33 66 66 33 66 66 66 66 66 66 66 33 66 66 66 66 33 33 66 33 66 33 66 33 66 66 66 66 33 66 66 33 66 33 33 33 66 66 33 33 66 
66 66 66 66 66 66 66 66 66 66 66 66 66 66 66 66 66 66 66 66 66 66 66 66 66 66 66 66 66 66 66 66 66 66 66 66 66 66 66 66 66 66 66 66 66 66 66 66 66 66 66 66 66 66 66 66 66 66 66 66 66 66 66 66 
66 66 66 66 66 66 66 66 33 66 66 66 66 66 66 66 66 66 66 66 66 66 66 66 66 66 66 66 66 66 66 66 66 66 66 66 66 66 66 66 66 66 66 66 66 66 66 66 66 66 66 66 66 66 66 66 66 66 66 66 66 66 66 66 
66 66 66 66 66 66 66 66 66 66 66 66 66 66 66 66 66 66 66 66 66 66 66 66 66 66 66 66 66 66 66 66 66 66 66 33 66 66 66 66 66 66 66 66 66 66 66 66 66 66 66 66 66 66 66 66 66 66 66 66 66 66 66 66 
66 66 33 33 66 66 66 66 33 66 66 66 66 33 33 66 33 66 66 66 33 33 33 66 66 33 66 33 66 33 66 33 66 33 66 66 66 33 66 66 33 33 33 33 33 66 66 66 33 66 33 33 33 66 66 33 66 33 66 66 66 33 66 66 
33 66 66 66 33 33 33 33 66 33 33 66 33 66 66 33 66 33 33 66 66 66 66 66 33 66 33 66 66 66 33 66 33 66 66 66 66 66 66 33 66 66 66 66 66 33 33 33 66 33 66 66 66 33 33 66 33 66 33 66 33 66 33 33 
66 66 33 33 66 66 66 66 66 66 66 33 66 33 33 66 33 66 66 33 66 66 66 33 66 33 66 33 33 33 66 33 66 33 66 33 33 66 66 66 33 33 66 66 33 66 66 66 33 66 33 33 33 66 66 33 66 33 66 33 66 66 66 66 
66 66 33 66 66 66 66 66 66 66 66 66 33 66 66 66 66 66 66 66 66 33 33 66 33 66 66 66 66 66 66 66 66 66 66 66 66 66 66 66 66 66 66 66 66 66 33 66 66 66 66 66 33 66 66 66 66 66 66 66 66 66 66 66 
66 66 66 66 66 66 66 66 66 66 66 33 66 66 66 66 33 66 66 66 66 66 66 66 66 66 66 66 66 66 33 66 66 66 66 66 66 66 66 66 66 66 66 33 66 66 33 66 66 66 66 66 66 66 66 66 66 66 66 66 66 66 66 66 
66 66 66 66 66 66 66 66 66 66 66 66 66 66 66 66 66 66 66 66 66 66 66 66 66 66 66 66 66 66 66 66 66 66 66 66 66 66 66 66 66 66 66 66 66 66 66 66 66 33 66 66 66 66 66 66 66 66 66 66 66 66 66 66 
66 33 66 66 66 66 66 33 66 66 66 66 33 66 33 33 66 66 33 33 66 66 33 33 66 66 66 33 66 33 66 66 33 66 33 66 33 66 66 66 33 33 66 66 66 66 66 33 66 33 66 66 66 66 66 66 66 66 66 33 66 33 66 66 
66 66 66 33 33 66 66 66 66 33 33 33 33 66 66 33 66 66 66 66 33 66 66 33 66 66 33 66 33 66 66 66 66 66 33 66 33 66 66 33 33 66 33 66 33 33 33 66 66 66 66 33 66 66 33 33 33 33 33 66 66 33 66 33 
33 66 33 33 33 33 33 66 66 33 66 33 66 33 66 66 33 33 66 66 66 66 66 66 66 33 33 66 66 66 66 33 66 66 66 33 66 33 33 66 66 66 66 66 66 33 66 66 33 66 33 66 33 33 33 33 66 33 66 66 33 66 33 66 
66 33 66 66 66 33 66 33 33 66 66 66 33 66 33 33 66 66 33 33 66 33 33 66 33 33 66 33 66 33 33 66 33 33 66 33 66 66 66 66 66 33 66 33 66 66 66 33 33 33 66 66 33 33 66 66 66 66 66 33 33 66 66 66 
66 66 66 66 66 66 66 66 66 66 33 66 33 66 33 33 66 66 33 66 33 66 33 33 33 66 66 33 33 33 33 66 66 66 33 66 33 66 66 33 33 33 33 66 33 66 33 33 66 66 66 33 66 66 66 66 33 33 33 66 66 33 66 33 
33 66 33 33 33 66 33 66 66 33 66 33 66 33 66 66 33 33 66 66 66 66 66 66 66 66 33 66 66 66 66 33 66 66 66 66 66 33 33 33 66 66 33 66 33 33 66 66 66 66 33 33 66 66 33 33 33 33 33 66 66 66 33 33 
33 33 66 66 66 33 33 33 33 66 66 66 66 33 66 66 33 33 66 33 66 33 33 66 66 33 66 66 66 66 66 33 33 33 66 33 66 33 33 66 66 66 66 33 66 66 66 66 33 33 33 66 33 33 66 66 66 66 66 33 33 66 33 66 
66 33 66 66 66 66 66 33 66 66 33 66 33 66 33 33 66 66 33 33 33 66 33 33 33 66 66 33 33 33 33 66 66 33 33 66 33 66 66 66 33 33 66 66 66 66 33 33 66 33 66 66 66 66 66 66 33 66 33 66 66 33 66 66 
66 66 33 33 33 66 66 66 66 33 33 33 66 66 66 66 66 66 66 66 33 66 66 33 66 66 33 66 33 66 66 66 66 66 33 66 33 66 66 33 33 66 33 66 33 33 33 66 66 66 66 33 66 66 33 33 33 33 33 66 66 33 66 33 
33 66 33 66 33 33 33 66 33 33 66 66 66 33 66 66 33 33 66 66 66 33 66 66 66 33 33 66 66 66 66 33 33 66 66 33 66 33 33 66 66 66 66 33 66 33 66 66 33 66 33 66 33 33 66 33 66 66 66 33 33 66 33 66 
66 33 66 66 66 33 66 33 33 66 33 66 33 66 33 33 66 66 33 33 66 33 33 66 33 66 66 33 66 33 33 66 33 33 33 33 66 66 66 66 66 33 66 33 66 66 66 33 66 33 66 66 33 33 66 66 66 66 66 33 33 66 66 66 
